-0.045977 -0.132184 0.655172 -0.045977 -0.132184 0.643678 -0.045977 -0.132184 0.643678 -0.034483 -0.132184 0.643678 -0.034483 -0.120690 0.655172 -0.034483 -0.120690 0.643678 -0.034483 -0.132184 0.643678 -0.034483 -0.120690 0.643678 -0.045977 -0.120690 0.643678 -0.034483 -0.120690 0.655172 -0.045977 -0.120690 0.643678 -0.045977 -0.132184 0.655172 
-0.241379 -0.235632 0.758621 -0.229885 -0.224138 0.758621 -0.218391 -0.224138 0.747126 -0.229885 -0.224138 0.758621 -0.229885 -0.235632 0.758621 -0.241379 -0.235632 0.758621 -0.229885 -0.235632 0.747126 -0.229885 -0.224138 0.747126 -0.229885 -0.224138 0.747126 -0.218391 -0.224138 0.747126 -0.229885 -0.235632 0.758621 -0.229885 -0.235632 0.747126 
-0.298851 -0.155172 0.609195 -0.310345 -0.155172 0.609195 -0.310345 -0.155172 0.609195 -0.298851 -0.155172 0.597701 -0.287356 -0.143678 0.597701 -0.298851 -0.143678 0.609195 -0.298851 -0.143678 0.609195 -0.310345 -0.143678 0.609195 -0.310345 -0.143678 0.609195 -0.298851 -0.155172 0.609195 -0.298851 -0.155172 0.597701 -0.287356 -0.143678 0.597701 
-0.206897 -0.304598 -0.781609 -0.218391 -0.304598 -0.770115 -0.218391 -0.304598 -0.781609 -0.218391 -0.293103 -0.770115 -0.206897 -0.304598 -0.770115 -0.206897 -0.293103 -0.781609 -0.218391 -0.304598 -0.770115 -0.218391 -0.304598 -0.781609 -0.206897 -0.304598 -0.781609 -0.206897 -0.304598 -0.770115 -0.206897 -0.293103 -0.758621 -0.206897 -0.293103 -0.770115 -0.218391 -0.293103 -0.770115 -0.206897 -0.293103 -0.758621 -0.206897 -0.293103 -0.770115 -0.206897 -0.293103 -0.781609 
-0.172414 -0.281609 0.149425 -0.160920 -0.281609 0.149425 -0.172414 -0.270115 0.149425 -0.172414 -0.270115 0.137931 -0.160920 -0.270115 0.137931 -0.172414 -0.270115 0.137931 -0.172414 -0.270115 0.149425 -0.172414 -0.281609 0.149425 -0.160920 -0.270115 0.137931 -0.172414 -0.281609 0.137931 -0.160920 -0.281609 0.149425 -0.172414 -0.281609 0.137931 
-0.287356 -0.511494 -0.942529 -0.275862 -0.511494 -0.942529 -0.287356 -0.500000 -0.954023 -0.287356 -0.511494 -0.942529 -0.275862 -0.500000 -0.942529 -0.275862 -0.511494 -0.942529 -0.287356 -0.500000 -0.942529 -0.275862 -0.500000 -0.954023 -0.287356 -0.500000 -0.954023 -0.287356 -0.500000 -0.942529 -0.275862 -0.500000 -0.942529 -0.275862 -0.500000 -0.954023 
-0.310345 -0.166667 -0.701149 -0.321839 -0.166667 -0.689655 -0.321839 -0.166667 -0.689655 -0.310345 -0.166667 -0.689655 -0.310345 -0.178161 -0.689655 -0.310345 -0.178161 -0.701149 -0.310345 -0.178161 -0.689655 -0.310345 -0.166667 -0.689655 -0.321839 -0.178161 -0.701149 -0.310345 -0.166667 -0.701149 -0.310345 -0.178161 -0.701149 -0.321839 -0.178161 -0.701149 
-0.229885 -0.258621 -0.770115 -0.229885 -0.270115 -0.781609 -0.241379 -0.258621 -0.758621 -0.241379 -0.258621 -0.770115 -0.229885 -0.258621 -0.781609 -0.241379 -0.258621 -0.770115 -0.229885 -0.258621 -0.770115 -0.229885 -0.258621 -0.781609 -0.229885 -0.270115 -0.770115 -0.241379 -0.270115 -0.758621 -0.241379 -0.270115 -0.758621 -0.241379 -0.270115 -0.770115 -0.241379 -0.258621 -0.758621 -0.241379 -0.270115 -0.770115 -0.229885 -0.270115 -0.781609 -0.229885 -0.270115 -0.770115 
-0.011494 -0.431034 0.287356 -0.022988 -0.431034 0.275862 -0.011494 -0.431034 0.287356 -0.011494 -0.431034 0.275862 -0.011494 -0.431034 0.275862 -0.011494 -0.419540 0.287356 -0.022988 -0.419540 0.287356 -0.011494 -0.419540 0.275862 -0.011494 -0.419540 0.287356 -0.011494 -0.419540 0.275862 -0.022988 -0.419540 0.287356 -0.022988 -0.419540 0.275862 -0.022988 -0.419540 0.275862 -0.022988 -0.431034 0.287356 -0.022988 -0.431034 0.287356 -0.022988 -0.431034 0.275862 
-0.011494 -0.120690 0.689655 -0.022988 -0.120690 0.689655 -0.011494 -0.132184 0.689655 -0.022988 -0.132184 0.678161 -0.022988 -0.120690 0.678161 -0.022988 -0.120690 0.689655 -0.022988 -0.132184 0.689655 -0.011494 -0.132184 0.689655 -0.011494 -0.120690 0.689655 -0.022988 -0.132184 0.689655 -0.011494 -0.132184 0.678161 -0.022988 -0.132184 0.678161 -0.022988 -0.120690 0.678161 -0.011494 -0.132184 0.678161 
-0.310345 0.522989 0.264368 -0.298851 0.522989 0.264368 -0.298851 0.522989 0.275862 -0.310345 0.522989 0.264368 -0.298851 0.522989 0.264368 -0.287356 0.511494 0.264368 -0.298851 0.511494 0.264368 -0.287356 0.511494 0.275862 -0.287356 0.511494 0.264368 -0.298851 0.511494 0.264368 -0.298851 0.522989 0.275862 -0.298851 0.511494 0.275862 -0.298851 0.511494 0.275862 -0.287356 0.511494 0.275862 
-0.241379 -0.304598 0.689655 -0.252874 -0.293103 0.689655 -0.252874 -0.293103 0.701149 -0.252874 -0.304598 0.701149 -0.241379 -0.293103 0.701149 -0.252874 -0.293103 0.701149 -0.252874 -0.293103 0.689655 -0.241379 -0.293103 0.701149 -0.252874 -0.304598 0.701149 -0.252874 -0.304598 0.689655 -0.252874 -0.304598 0.689655 -0.241379 -0.304598 0.689655 
0.241379 -0.362069 0.206897 0.252874 -0.362069 0.206897 0.252874 -0.373563 0.195402 0.241379 -0.373563 0.195402 0.252874 -0.373563 0.206897 0.241379 -0.362069 0.206897 0.241379 -0.362069 0.195402 0.252874 -0.362069 0.206897 0.241379 -0.362069 0.195402 0.252874 -0.362069 0.195402 0.252874 -0.373563 0.195402 0.252874 -0.362069 0.195402 0.252874 -0.373563 0.206897 0.241379 -0.373563 0.195402 
-0.287356 -0.155172 -0.471264 -0.275862 -0.155172 -0.471264 -0.275862 -0.155172 -0.459770 -0.275862 -0.155172 -0.471264 -0.287356 -0.166667 -0.471264 -0.287356 -0.166667 -0.482759 -0.287356 -0.166667 -0.471264 -0.275862 -0.166667 -0.459770 -0.275862 -0.166667 -0.459770 -0.275862 -0.166667 -0.471264 -0.275862 -0.166667 -0.471264 -0.275862 -0.155172 -0.459770 -0.287356 -0.155172 -0.471264 -0.287356 -0.166667 -0.482759 
0.022988 -0.396552 0.229885 0.022988 -0.385057 0.241379 0.022988 -0.385057 0.229885 0.011494 -0.385057 0.229885 0.011494 -0.385057 0.229885 0.011494 -0.373563 0.229885 0.011494 -0.373563 0.229885 0.011494 -0.385057 0.241379 0.022988 -0.385057 0.229885 0.022988 -0.396552 0.229885 0.011494 -0.385057 0.241379 0.022988 -0.396552 0.241379 0.022988 -0.396552 0.241379 0.022988 -0.385057 0.241379 
-0.229885 -0.534483 -0.793103 -0.241379 -0.534483 -0.793103 -0.241379 -0.545977 -0.793103 -0.229885 -0.545977 -0.793103 -0.241379 -0.534483 -0.793103 -0.241379 -0.545977 -0.793103 -0.229885 -0.534483 -0.793103 -0.241379 -0.534483 -0.804598 -0.241379 -0.545977 -0.804598 -0.241379 -0.534483 -0.804598 -0.229885 -0.545977 -0.793103 -0.229885 -0.545977 -0.804598 -0.241379 -0.545977 -0.804598 -0.229885 -0.545977 -0.804598 
0.206897 0.235632 -0.149425 0.206897 0.235632 -0.160920 0.206897 0.235632 -0.149425 0.218391 0.224138 -0.149425 0.206897 0.224138 -0.160920 0.195402 0.224138 -0.160920 0.206897 0.235632 -0.160920 0.195402 0.224138 -0.160920 0.218391 0.224138 -0.149425 0.206897 0.224138 -0.149425 0.195402 0.224138 -0.149425 0.206897 0.224138 -0.160920 0.206897 0.224138 -0.149425 0.195402 0.224138 -0.149425 
-0.333333 -0.270115 0.747126 -0.333333 -0.270115 0.735632 -0.333333 -0.258621 0.747126 -0.333333 -0.270115 0.747126 -0.333333 -0.270115 0.735632 -0.333333 -0.258621 0.735632 -0.321839 -0.258621 0.747126 -0.333333 -0.258621 0.735632 -0.333333 -0.258621 0.747126 -0.321839 -0.258621 0.747126 
0.172414 -0.258621 0.321839 0.160920 -0.258621 0.333333 0.172414 -0.258621 0.344828 0.172414 -0.258621 0.333333 0.172414 -0.258621 0.344828 0.183908 -0.247126 0.344828 0.183908 -0.247126 0.321839 0.172414 -0.247126 0.333333 0.183908 -0.247126 0.321839 0.172414 -0.247126 0.321839 0.172414 -0.247126 0.321839 0.172414 -0.258621 0.321839 0.172414 -0.247126 0.344828 0.183908 -0.247126 0.333333 0.183908 -0.247126 0.333333 0.172414 -0.247126 0.333333 0.160920 -0.258621 0.333333 0.172414 -0.258621 0.333333 0.183908 -0.247126 0.344828 0.172414 -0.247126 0.344828 
-0.321839 -0.362069 -0.885057 -0.333333 -0.362069 -0.885057 -0.321839 -0.350575 -0.885057 -0.310345 -0.350575 -0.873563 -0.321839 -0.350575 -0.873563 -0.310345 -0.362069 -0.873563 -0.321839 -0.350575 -0.885057 -0.321839 -0.362069 -0.885057 -0.310345 -0.350575 -0.873563 -0.321839 -0.350575 -0.873563 -0.333333 -0.362069 -0.885057 -0.321839 -0.362069 -0.873563 -0.321839 -0.362069 -0.873563 -0.310345 -0.362069 -0.873563 
-0.149425 -0.465517 -0.919540 -0.149425 -0.454023 -0.919540 -0.149425 -0.465517 -0.931034 -0.137931 -0.465517 -0.919540 -0.137931 -0.454023 -0.931034 -0.149425 -0.465517 -0.931034 -0.137931 -0.465517 -0.919540 -0.149425 -0.465517 -0.919540 -0.149425 -0.454023 -0.919540 -0.137931 -0.454023 -0.931034 
-0.298851 -0.373563 -0.724138 -0.310345 -0.373563 -0.724138 -0.310345 -0.373563 -0.724138 -0.310345 -0.385057 -0.724138 -0.310345 -0.385057 -0.724138 -0.310345 -0.385057 -0.735632 -0.298851 -0.373563 -0.735632 -0.298851 -0.373563 -0.724138 -0.298851 -0.385057 -0.724138 -0.298851 -0.373563 -0.735632 -0.298851 -0.385057 -0.724138 -0.310345 -0.385057 -0.735632 
-0.229885 0.396552 0.643678 -0.229885 0.385057 0.643678 -0.229885 0.396552 0.643678 -0.241379 0.396552 0.632184 -0.241379 0.396552 0.632184 -0.241379 0.396552 0.643678 -0.229885 0.385057 0.643678 -0.241379 0.385057 0.643678 -0.241379 0.385057 0.643678 -0.241379 0.396552 0.643678 
-0.310345 -0.235632 0.770115 -0.321839 -0.247126 0.770115 -0.310345 -0.235632 0.770115 -0.321839 -0.235632 0.770115 -0.321839 -0.235632 0.758621 -0.310345 -0.235632 0.758621 -0.321839 -0.247126 0.758621 -0.321839 -0.235632 0.758621 -0.333333 -0.247126 0.758621 -0.321839 -0.247126 0.758621 -0.321839 -0.247126 0.770115 -0.333333 -0.247126 0.758621 -0.321839 -0.235632 0.770115 -0.310345 -0.235632 0.758621 
-0.183908 -0.270115 0.183908 -0.172414 -0.270115 0.183908 -0.172414 -0.270115 0.172414 -0.183908 -0.270115 0.183908 -0.172414 -0.270115 0.172414 -0.172414 -0.281609 0.172414 -0.172414 -0.281609 0.195402 -0.172414 -0.270115 0.195402 -0.172414 -0.270115 0.183908 -0.172414 -0.270115 0.195402 -0.172414 -0.281609 0.183908 -0.183908 -0.281609 0.183908 -0.183908 -0.281609 0.183908 -0.183908 -0.281609 0.172414 -0.172414 -0.281609 0.195402 -0.183908 -0.281609 0.195402 -0.183908 -0.281609 0.195402 -0.172414 -0.281609 0.183908 -0.183908 -0.281609 0.172414 -0.172414 -0.281609 0.172414 
0.160920 -0.270115 0.310345 0.172414 -0.270115 0.321839 0.160920 -0.270115 0.310345 0.160920 -0.281609 0.310345 0.160920 -0.281609 0.321839 0.160920 -0.281609 0.310345 0.160920 -0.281609 0.321839 0.172414 -0.270115 0.321839 
-0.149425 -0.431034 -0.517241 -0.160920 -0.431034 -0.517241 -0.149425 -0.419540 -0.517241 -0.149425 -0.431034 -0.517241 -0.160920 -0.419540 -0.505747 -0.160920 -0.431034 -0.505747 -0.149425 -0.431034 -0.505747 -0.160920 -0.431034 -0.505747 -0.149425 -0.419540 -0.517241 -0.149425 -0.431034 -0.505747 -0.160920 -0.431034 -0.517241 -0.160920 -0.419540 -0.505747 
-0.298851 -0.350575 0.471264 -0.298851 -0.362069 0.471264 -0.298851 -0.362069 0.482759 -0.298851 -0.362069 0.471264 -0.298851 -0.362069 0.482759 -0.298851 -0.350575 0.482759 -0.298851 -0.350575 0.471264 -0.298851 -0.350575 0.482759 
-0.045977 -0.396552 0.206897 -0.045977 -0.385057 0.206897 -0.045977 -0.396552 0.206897 -0.034483 -0.396552 0.206897 -0.034483 -0.396552 0.218391 -0.034483 -0.396552 0.206897 -0.034483 -0.385057 0.206897 -0.034483 -0.396552 0.218391 -0.034483 -0.385057 0.206897 -0.045977 -0.385057 0.206897 
-0.103448 -0.362069 0.034483 -0.114943 -0.362069 0.034483 -0.114943 -0.350575 0.022988 -0.126437 -0.350575 0.022988 -0.114943 -0.362069 0.034483 -0.126437 -0.362069 0.034483 -0.126437 -0.350575 0.034483 -0.126437 -0.350575 0.022988 -0.103448 -0.362069 0.022988 -0.103448 -0.350575 0.022988 -0.126437 -0.350575 0.034483 -0.114943 -0.350575 0.034483 -0.114943 -0.350575 0.022988 -0.103448 -0.350575 0.022988 -0.126437 -0.362069 0.034483 -0.114943 -0.350575 0.034483 -0.103448 -0.362069 0.022988 -0.103448 -0.362069 0.034483 
-0.045977 0.327586 0.494253 -0.057471 0.327586 0.494253 -0.057471 0.339080 0.505747 -0.068965 0.339080 0.505747 -0.057471 0.327586 0.482759 -0.057471 0.327586 0.494253 -0.057471 0.339080 0.482759 -0.068965 0.327586 0.482759 -0.045977 0.339080 0.494253 -0.057471 0.339080 0.505747 -0.057471 0.327586 0.505747 -0.045977 0.327586 0.494253 -0.057471 0.327586 0.505747 -0.068965 0.339080 0.505747 -0.057471 0.339080 0.494253 -0.045977 0.339080 0.494253 -0.057471 0.350575 0.494253 -0.057471 0.339080 0.494253 -0.057471 0.339080 0.482759 -0.057471 0.350575 0.494253 -0.068965 0.327586 0.482759 -0.057471 0.327586 0.482759 
0.068965 0.362069 -0.103448 0.057471 0.362069 -0.103448 0.068965 0.362069 -0.091954 0.057471 0.362069 -0.103448 0.068965 0.362069 -0.091954 0.057471 0.373563 -0.091954 0.068965 0.373563 -0.091954 0.068965 0.373563 -0.103448 0.068965 0.362069 -0.103448 0.080460 0.362069 -0.103448 0.057471 0.373563 -0.091954 0.068965 0.373563 -0.091954 0.080460 0.362069 -0.103448 0.068965 0.373563 -0.103448 
-0.011494 -0.350575 0.195402 -0.011494 -0.350575 0.206897 -0.011494 -0.362069 0.206897 -0.011494 -0.350575 0.206897 0.000000 -0.362069 0.195402 -0.011494 -0.350575 0.195402 -0.022988 -0.362069 0.206897 -0.011494 -0.362069 0.206897 -0.022988 -0.362069 0.206897 -0.011494 -0.362069 0.195402 -0.011494 -0.362069 0.195402 0.000000 -0.362069 0.195402 
-0.080460 -0.028736 -0.850575 -0.091954 -0.028736 -0.850575 -0.080460 -0.017241 -0.850575 -0.091954 -0.028736 -0.850575 -0.080460 -0.028736 -0.839080 -0.091954 -0.028736 -0.839080 -0.091954 -0.028736 -0.839080 -0.091954 -0.028736 -0.827586 -0.080460 -0.017241 -0.839080 -0.091954 -0.017241 -0.839080 -0.091954 -0.017241 -0.827586 -0.080460 -0.017241 -0.839080 -0.080460 -0.017241 -0.827586 -0.091954 -0.017241 -0.827586 -0.080460 -0.017241 -0.850575 -0.091954 -0.017241 -0.839080 -0.080460 -0.028736 -0.850575 -0.080460 -0.028736 -0.839080 -0.080460 -0.028736 -0.827586 -0.091954 -0.028736 -0.827586 -0.080460 -0.028736 -0.827586 -0.080460 -0.017241 -0.827586 
-0.114943 0.120690 0.885057 -0.103448 0.132184 0.885057 -0.103448 0.120690 0.885057 -0.114943 0.120690 0.885057 -0.103448 0.120690 0.873563 -0.091954 0.132184 0.873563 -0.103448 0.132184 0.885057 -0.091954 0.132184 0.873563 -0.103448 0.120690 0.885057 -0.103448 0.120690 0.873563 
-0.356322 -0.212644 0.195402 -0.344828 -0.212644 0.183908 -0.356322 -0.212644 0.183908 -0.356322 -0.201149 0.183908 -0.344828 -0.212644 0.172414 -0.344828 -0.201149 0.183908 -0.356322 -0.212644 0.195402 -0.356322 -0.212644 0.183908 -0.344828 -0.212644 0.172414 -0.344828 -0.212644 0.183908 -0.344828 -0.201149 0.172414 -0.356322 -0.201149 0.183908 -0.344828 -0.201149 0.183908 -0.344828 -0.201149 0.172414 
-0.310345 0.545977 -0.057471 -0.310345 0.545977 -0.045977 -0.310345 0.534483 -0.045977 -0.310345 0.545977 -0.057471 -0.298851 0.534483 -0.045977 -0.298851 0.522989 -0.045977 -0.310345 0.545977 -0.045977 -0.298851 0.545977 -0.045977 -0.310345 0.522989 -0.045977 -0.298851 0.522989 -0.045977 -0.310345 0.534483 -0.045977 -0.310345 0.534483 -0.057471 -0.310345 0.534483 -0.057471 -0.310345 0.522989 -0.045977 -0.298851 0.534483 -0.045977 -0.298851 0.545977 -0.045977 
0.114943 -0.339080 0.402299 0.103448 -0.327586 0.402299 0.114943 -0.327586 0.402299 0.114943 -0.339080 0.402299 0.114943 -0.327586 0.413793 0.103448 -0.327586 0.425287 0.091954 -0.339080 0.413793 0.091954 -0.339080 0.425287 0.091954 -0.350575 0.402299 0.103448 -0.350575 0.402299 0.103448 -0.350575 0.413793 0.091954 -0.350575 0.402299 0.103448 -0.339080 0.413793 0.091954 -0.350575 0.413793 0.091954 -0.339080 0.413793 0.103448 -0.339080 0.413793 0.103448 -0.327586 0.425287 0.103448 -0.339080 0.425287 0.103448 -0.327586 0.402299 0.103448 -0.339080 0.402299 0.114943 -0.327586 0.413793 0.126437 -0.327586 0.413793 0.103448 -0.339080 0.402299 0.103448 -0.350575 0.402299 0.091954 -0.339080 0.425287 0.103448 -0.339080 0.425287 0.103448 -0.350575 0.413793 0.091954 -0.350575 0.413793 0.114943 -0.327586 0.402299 0.126437 -0.327586 0.413793 
-0.114943 0.247126 0.747126 -0.126437 0.235632 0.747126 -0.103448 0.247126 0.747126 -0.114943 0.247126 0.747126 -0.126437 0.235632 0.747126 -0.114943 0.235632 0.747126 -0.114943 0.235632 0.747126 -0.114943 0.235632 0.758621 -0.103448 0.247126 0.747126 -0.114943 0.247126 0.758621 -0.126437 0.235632 0.758621 -0.114943 0.235632 0.758621 -0.114943 0.247126 0.758621 -0.126437 0.235632 0.758621 
0.160920 -0.293103 0.390805 0.149425 -0.293103 0.390805 0.149425 -0.293103 0.390805 0.160920 -0.293103 0.379310 0.160920 -0.293103 0.379310 0.149425 -0.293103 0.379310 0.149425 -0.281609 0.390805 0.160920 -0.293103 0.390805 0.160920 -0.281609 0.379310 0.149425 -0.281609 0.379310 0.149425 -0.293103 0.379310 0.160920 -0.281609 0.379310 0.149425 -0.281609 0.379310 0.149425 -0.281609 0.390805 
-0.080460 -0.511494 0.310345 -0.080460 -0.500000 0.310345 -0.080460 -0.511494 0.321839 -0.068965 -0.511494 0.321839 -0.080460 -0.500000 0.310345 -0.068965 -0.500000 0.310345 -0.080460 -0.511494 0.310345 -0.080460 -0.511494 0.321839 -0.080460 -0.500000 0.321839 -0.068965 -0.500000 0.310345 -0.068965 -0.511494 0.321839 -0.080460 -0.500000 0.321839 
-0.057471 -0.327586 -0.057471 -0.045977 -0.316092 -0.057471 -0.045977 -0.316092 -0.057471 -0.057471 -0.316092 -0.057471 -0.068965 -0.316092 -0.068965 -0.068965 -0.327586 -0.080460 -0.068965 -0.327586 -0.080460 -0.068965 -0.327586 -0.068965 -0.045977 -0.316092 -0.091954 -0.057471 -0.316092 -0.091954 -0.045977 -0.304598 -0.080460 -0.057471 -0.304598 -0.091954 -0.057471 -0.304598 -0.080460 -0.045977 -0.304598 -0.080460 -0.045977 -0.304598 -0.068965 -0.057471 -0.304598 -0.068965 -0.057471 -0.304598 -0.057471 -0.045977 -0.304598 -0.068965 -0.068965 -0.316092 -0.080460 -0.057471 -0.316092 -0.080460 -0.068965 -0.327586 -0.057471 -0.057471 -0.327586 -0.068965 -0.057471 -0.304598 -0.080460 -0.057471 -0.304598 -0.068965 -0.057471 -0.304598 -0.057471 -0.057471 -0.316092 -0.057471 -0.057471 -0.316092 -0.091954 -0.057471 -0.304598 -0.091954 -0.057471 -0.327586 -0.080460 -0.057471 -0.316092 -0.080460 -0.057471 -0.327586 -0.068965 -0.068965 -0.327586 -0.068965 -0.068965 -0.316092 -0.068965 -0.068965 -0.316092 -0.080460 -0.045977 -0.316092 -0.091954 -0.057471 -0.327586 -0.080460 -0.068965 -0.327586 -0.057471 -0.057471 -0.327586 -0.057471 
-0.310345 -0.522989 -0.827586 -0.298851 -0.522989 -0.827586 -0.310345 -0.522989 -0.816092 -0.310345 -0.522989 -0.827586 -0.310345 -0.534483 -0.827586 -0.298851 -0.534483 -0.816092 -0.310345 -0.534483 -0.827586 -0.298851 -0.522989 -0.827586 -0.310345 -0.522989 -0.816092 -0.310345 -0.534483 -0.816092 -0.310345 -0.534483 -0.816092 -0.298851 -0.534483 -0.816092 
0.080460 -0.385057 0.390805 0.091954 -0.385057 0.390805 0.091954 -0.373563 0.390805 0.080460 -0.373563 0.390805 0.091954 -0.373563 0.379310 0.091954 -0.373563 0.390805 0.091954 -0.385057 0.379310 0.080460 -0.385057 0.379310 0.091954 -0.385057 0.390805 0.080460 -0.373563 0.390805 0.080460 -0.385057 0.379310 0.091954 -0.373563 0.379310 0.080460 -0.385057 0.390805 0.091954 -0.385057 0.379310 
0.022988 -0.212644 0.206897 0.011494 -0.212644 0.206897 0.022988 -0.224138 0.206897 0.022988 -0.212644 0.206897 0.022988 -0.224138 0.218391 0.022988 -0.212644 0.218391 0.022988 -0.224138 0.206897 0.034483 -0.224138 0.206897 0.022988 -0.212644 0.218391 0.034483 -0.224138 0.218391 0.011494 -0.212644 0.206897 0.011494 -0.212644 0.218391 0.034483 -0.224138 0.206897 0.034483 -0.224138 0.218391 0.022988 -0.224138 0.218391 0.011494 -0.212644 0.218391 
0.172414 -0.488506 -0.390805 0.183908 -0.488506 -0.379310 0.183908 -0.488506 -0.390805 0.172414 -0.488506 -0.390805 0.172414 -0.477011 -0.379310 0.183908 -0.477011 -0.379310 0.172414 -0.477011 -0.390805 0.183908 -0.477011 -0.379310 0.183908 -0.477011 -0.390805 0.172414 -0.477011 -0.390805 0.183908 -0.488506 -0.390805 0.183908 -0.477011 -0.390805 0.172414 -0.477011 -0.379310 0.183908 -0.488506 -0.379310 
-0.321839 -0.270115 0.724138 -0.321839 -0.281609 0.724138 -0.321839 -0.270115 0.712644 -0.310345 -0.270115 0.712644 -0.321839 -0.281609 0.712644 -0.321839 -0.270115 0.712644 -0.321839 -0.281609 0.724138 -0.321839 -0.281609 0.712644 -0.321839 -0.270115 0.724138 -0.310345 -0.270115 0.712644 
0.022988 -0.201149 0.091954 0.022988 -0.201149 0.103448 0.011494 -0.189655 0.091954 0.022988 -0.189655 0.091954 0.011494 -0.201149 0.103448 0.022988 -0.189655 0.103448 0.011494 -0.201149 0.103448 0.011494 -0.189655 0.091954 0.022988 -0.201149 0.091954 0.022988 -0.189655 0.091954 0.022988 -0.189655 0.103448 0.022988 -0.201149 0.103448 
-0.022988 -0.385057 0.252874 -0.034483 -0.385057 0.252874 -0.034483 -0.362069 0.218391 -0.034483 -0.373563 0.218391 -0.011494 -0.362069 0.218391 -0.022988 -0.362069 0.218391 0.000000 -0.339080 0.218391 0.000000 -0.350575 0.218391 -0.022988 -0.362069 0.241379 -0.022988 -0.373563 0.241379 0.000000 -0.327586 0.241379 0.000000 -0.327586 0.229885 -0.034483 -0.362069 0.218391 -0.045977 -0.373563 0.218391 -0.045977 -0.396552 0.252874 -0.045977 -0.396552 0.241379 -0.011494 -0.362069 0.241379 -0.022988 -0.362069 0.241379 -0.045977 -0.373563 0.218391 -0.045977 -0.373563 0.229885 -0.045977 -0.385057 0.229885 -0.045977 -0.373563 0.229885 -0.011494 -0.350575 0.241379 -0.011494 -0.362069 0.241379 -0.011494 -0.350575 0.252874 -0.011494 -0.350575 0.241379 -0.022988 -0.362069 0.229885 -0.034483 -0.373563 0.218391 -0.022988 -0.362069 0.218391 -0.022988 -0.373563 0.229885 -0.022988 -0.373563 0.229885 -0.022988 -0.362069 0.229885 -0.045977 -0.385057 0.229885 -0.045977 -0.396552 0.241379 -0.011494 -0.339080 0.241379 0.000000 -0.327586 0.241379 0.000000 -0.339080 0.218391 0.000000 -0.327586 0.229885 -0.011494 -0.362069 0.218391 0.000000 -0.350575 0.218391 -0.034483 -0.385057 0.252874 -0.045977 -0.396552 0.252874 -0.022988 -0.373563 0.241379 -0.022988 -0.385057 0.252874 -0.011494 -0.350575 0.252874 -0.011494 -0.339080 0.241379 
0.114943 -0.465517 -0.045977 0.126437 -0.454023 -0.045977 0.103448 -0.465517 -0.068965 0.114943 -0.465517 -0.068965 0.126437 -0.454023 -0.068965 0.126437 -0.442529 -0.068965 0.137931 -0.442529 -0.068965 0.126437 -0.442529 -0.068965 0.114943 -0.454023 -0.068965 0.114943 -0.465517 -0.068965 0.137931 -0.442529 -0.057471 0.126437 -0.442529 -0.057471 0.126437 -0.442529 -0.057471 0.126437 -0.454023 -0.057471 0.103448 -0.465517 -0.057471 0.114943 -0.465517 -0.045977 0.126437 -0.431034 -0.068965 0.137931 -0.431034 -0.057471 0.137931 -0.442529 -0.057471 0.126437 -0.431034 -0.057471 0.137931 -0.442529 -0.068965 0.126437 -0.431034 -0.068965 0.103448 -0.465517 -0.057471 0.114943 -0.465517 -0.057471 0.126437 -0.454023 -0.045977 0.137931 -0.454023 -0.057471 0.137931 -0.454023 -0.057471 0.126437 -0.454023 -0.057471 0.137931 -0.431034 -0.057471 0.126437 -0.431034 -0.057471 0.126437 -0.465517 -0.068965 0.114943 -0.454023 -0.068965 0.126437 -0.454023 -0.068965 0.126437 -0.465517 -0.068965 0.103448 -0.465517 -0.068965 0.114943 -0.465517 -0.057471 
-0.160920 0.534483 0.114943 -0.160920 0.545977 0.103448 -0.160920 0.545977 0.103448 -0.160920 0.545977 0.091954 -0.172414 0.545977 0.103448 -0.183908 0.557471 0.103448 -0.172414 0.545977 0.114943 -0.183908 0.545977 0.114943 -0.172414 0.545977 0.126437 -0.172414 0.545977 0.114943 -0.183908 0.545977 0.103448 -0.183908 0.557471 0.114943 -0.183908 0.557471 0.103448 -0.183908 0.545977 0.103448 -0.172414 0.545977 0.103448 -0.172414 0.545977 0.091954 -0.183908 0.545977 0.114943 -0.183908 0.557471 0.114943 -0.160920 0.534483 0.114943 -0.160920 0.534483 0.126437 -0.172414 0.545977 0.126437 -0.160920 0.534483 0.126437 -0.172414 0.545977 0.091954 -0.160920 0.545977 0.091954 
-0.241379 -0.270115 0.712644 -0.241379 -0.270115 0.701149 -0.229885 -0.270115 0.701149 -0.241379 -0.281609 0.701149 -0.229885 -0.270115 0.701149 -0.241379 -0.270115 0.701149 -0.241379 -0.281609 0.712644 -0.241379 -0.281609 0.701149 -0.241379 -0.281609 0.712644 -0.241379 -0.270115 0.712644 
0.137931 -0.454023 -0.126437 0.126437 -0.442529 -0.126437 0.137931 -0.442529 -0.091954 0.137931 -0.454023 -0.091954 0.126437 -0.454023 -0.091954 0.126437 -0.465517 -0.103448 0.126437 -0.454023 -0.126437 0.137931 -0.454023 -0.126437 0.137931 -0.442529 -0.114943 0.126437 -0.442529 -0.126437 0.126437 -0.465517 -0.103448 0.126437 -0.454023 -0.103448 0.126437 -0.454023 -0.114943 0.126437 -0.465517 -0.114943 0.126437 -0.465517 -0.114943 0.126437 -0.454023 -0.126437 0.137931 -0.442529 -0.103448 0.137931 -0.442529 -0.114943 0.137931 -0.442529 -0.103448 0.149425 -0.442529 -0.103448 0.126437 -0.454023 -0.114943 0.126437 -0.454023 -0.103448 0.137931 -0.454023 -0.091954 0.126437 -0.454023 -0.091954 0.149425 -0.442529 -0.103448 0.137931 -0.442529 -0.091954 
-0.229885 -0.270115 0.678161 -0.229885 -0.281609 0.678161 -0.229885 -0.293103 0.666667 -0.229885 -0.304598 0.666667 -0.241379 -0.293103 0.678161 -0.241379 -0.304598 0.678161 -0.229885 -0.270115 0.678161 -0.229885 -0.270115 0.666667 -0.218391 -0.293103 0.655172 -0.229885 -0.293103 0.655172 -0.229885 -0.293103 0.666667 -0.229885 -0.293103 0.655172 -0.229885 -0.281609 0.655172 -0.218391 -0.281609 0.666667 -0.229885 -0.304598 0.666667 -0.241379 -0.304598 0.666667 -0.241379 -0.293103 0.689655 -0.241379 -0.293103 0.678161 -0.218391 -0.293103 0.655172 -0.229885 -0.281609 0.655172 -0.229885 -0.293103 0.678161 -0.241379 -0.293103 0.689655 -0.218391 -0.281609 0.666667 -0.229885 -0.281609 0.666667 -0.241379 -0.304598 0.678161 -0.241379 -0.304598 0.666667 -0.229885 -0.281609 0.666667 -0.229885 -0.270115 0.666667 -0.229885 -0.281609 0.678161 -0.229885 -0.293103 0.678161 
-0.195402 -0.465517 -0.919540 -0.195402 -0.465517 -0.908046 -0.195402 -0.477011 -0.919540 -0.195402 -0.488506 -0.919540 -0.195402 -0.477011 -0.919540 -0.183908 -0.477011 -0.931034 -0.195402 -0.477011 -0.908046 -0.195402 -0.488506 -0.919540 -0.195402 -0.465517 -0.931034 -0.195402 -0.465517 -0.919540 -0.183908 -0.477011 -0.931034 -0.195402 -0.477011 -0.931034 -0.195402 -0.477011 -0.931034 -0.195402 -0.465517 -0.931034 -0.206897 -0.477011 -0.908046 -0.195402 -0.465517 -0.908046 -0.206897 -0.477011 -0.908046 -0.195402 -0.477011 -0.908046 
-0.310345 -0.316092 0.678161 -0.321839 -0.327586 0.678161 -0.321839 -0.327586 0.666667 -0.310345 -0.327586 0.666667 -0.310345 -0.327586 0.666667 -0.310345 -0.327586 0.678161 -0.310345 -0.327586 0.678161 -0.321839 -0.327586 0.678161 -0.310345 -0.316092 0.678161 -0.310345 -0.316092 0.666667 -0.310345 -0.316092 0.666667 -0.321839 -0.316092 0.666667 -0.321839 -0.327586 0.666667 -0.321839 -0.316092 0.666667 
-0.298851 0.005747 0.965517 -0.298851 0.005747 0.977011 -0.298851 -0.005747 0.954023 -0.298851 0.005747 0.942529 -0.275862 -0.005747 0.931034 -0.287356 -0.005747 0.931034 -0.287356 0.017241 0.965517 -0.287356 0.028736 0.965517 -0.287356 -0.005747 0.954023 -0.298851 -0.005747 0.965517 -0.287356 -0.005747 0.942529 -0.287356 0.005747 0.954023 -0.298851 -0.005747 0.954023 -0.287356 -0.005747 0.954023 -0.275862 -0.005747 0.942529 -0.287356 -0.005747 0.931034 -0.275862 -0.005747 0.942529 -0.287356 0.005747 0.942529 -0.287356 0.005747 0.954023 -0.287356 0.005747 0.942529 -0.287356 -0.005747 0.942529 -0.298851 0.005747 0.942529 -0.264368 0.005747 0.931034 -0.275862 -0.005747 0.931034 -0.298851 0.005747 0.977011 -0.298851 -0.005747 0.965517 -0.298851 0.017241 0.965517 -0.298851 0.005747 0.965517 -0.275862 0.028736 0.942529 -0.275862 0.017241 0.931034 -0.287356 0.028736 0.954023 -0.287356 0.028736 0.965517 -0.287356 0.028736 0.942529 -0.275862 0.028736 0.942529 -0.275862 0.017241 0.931034 -0.275862 0.005747 0.931034 -0.264368 0.005747 0.931034 -0.275862 0.005747 0.931034 -0.275862 0.028736 0.954023 -0.287356 0.028736 0.954023 -0.287356 0.028736 0.942529 -0.275862 0.028736 0.954023 -0.287356 0.017241 0.965517 -0.298851 0.017241 0.965517 
-0.298851 -0.442529 -0.793103 -0.287356 -0.442529 -0.804598 -0.287356 -0.442529 -0.793103 -0.287356 -0.431034 -0.793103 -0.287356 -0.442529 -0.793103 -0.287356 -0.442529 -0.804598 -0.287356 -0.431034 -0.793103 -0.298851 -0.431034 -0.793103 -0.298851 -0.442529 -0.793103 -0.298851 -0.431034 -0.793103 
-0.316250 -0.241221 -0.683898 -0.310345 -0.247126 -0.689655 -0.310345 -0.247126 -0.678161 -0.316250 -0.241221 -0.683898 -0.310345 -0.247126 -0.689655 -0.298851 -0.258621 -0.689655 -0.310345 -0.258621 -0.689655 -0.298851 -0.258621 -0.689655 -0.310345 -0.258621 -0.678161 -0.310345 -0.247126 -0.678161 -0.310345 -0.258621 -0.689655 -0.298851 -0.258621 -0.678161 -0.298851 -0.258621 -0.678161 -0.310345 -0.258621 -0.678161 
-0.241379 -0.258621 -0.701149 -0.229885 -0.258621 -0.712644 -0.241379 -0.247126 -0.701149 -0.241379 -0.235632 -0.701149 -0.241379 -0.258621 -0.701149 -0.241379 -0.247126 -0.701149 -0.229885 -0.235632 -0.701149 -0.241379 -0.235632 -0.701149 -0.229885 -0.235632 -0.712644 -0.229885 -0.235632 -0.701149 -0.218391 -0.235632 -0.712644 -0.229885 -0.235632 -0.712644 -0.218391 -0.247126 -0.712644 -0.218391 -0.235632 -0.712644 -0.229885 -0.258621 -0.712644 -0.218391 -0.247126 -0.712644 
-0.206897 -0.442529 -0.931034 -0.206897 -0.454023 -0.931034 -0.206897 -0.442529 -0.919540 -0.206897 -0.431034 -0.919540 -0.206897 -0.431034 -0.919540 -0.195402 -0.431034 -0.919540 -0.206897 -0.454023 -0.919540 -0.206897 -0.442529 -0.919540 -0.206897 -0.454023 -0.931034 -0.195402 -0.454023 -0.931034 -0.195402 -0.454023 -0.931034 -0.206897 -0.454023 -0.919540 -0.206897 -0.431034 -0.931034 -0.206897 -0.442529 -0.931034 -0.195402 -0.431034 -0.919540 -0.206897 -0.431034 -0.931034 
-0.091954 -0.522989 0.390805 -0.080460 -0.522989 0.390805 -0.091954 -0.522989 0.390805 -0.080460 -0.522989 0.379310 -0.068965 -0.511494 0.379310 -0.080460 -0.511494 0.390805 -0.080460 -0.511494 0.390805 -0.068965 -0.511494 0.390805 -0.080460 -0.522989 0.379310 -0.080460 -0.511494 0.379310 -0.080460 -0.511494 0.379310 -0.068965 -0.511494 0.379310 -0.080460 -0.522989 0.390805 -0.068965 -0.511494 0.390805 
-0.137931 -0.304598 0.367816 -0.126437 -0.304598 0.367816 -0.126437 -0.304598 0.367816 -0.137931 -0.316092 0.367816 -0.114943 -0.304598 0.379310 -0.126437 -0.316092 0.379310 -0.126437 -0.293103 0.379310 -0.126437 -0.304598 0.379310 -0.137931 -0.304598 0.367816 -0.126437 -0.293103 0.367816 -0.137931 -0.316092 0.367816 -0.126437 -0.316092 0.367816 -0.126437 -0.316092 0.379310 -0.126437 -0.316092 0.367816 -0.126437 -0.293103 0.379310 -0.126437 -0.293103 0.367816 -0.126437 -0.304598 0.379310 -0.114943 -0.304598 0.379310 
-0.264368 -0.419540 -0.862069 -0.275862 -0.431034 -0.862069 -0.264368 -0.431034 -0.850575 -0.264368 -0.431034 -0.862069 -0.264368 -0.419540 -0.850575 -0.264368 -0.419540 -0.862069 -0.264368 -0.431034 -0.850575 -0.264368 -0.419540 -0.850575 -0.275862 -0.431034 -0.862069 -0.264368 -0.431034 -0.862069 
-0.310345 -0.465517 -0.827586 -0.321839 -0.477011 -0.827586 -0.321839 -0.477011 -0.839080 -0.333333 -0.465517 -0.839080 -0.321839 -0.477011 -0.827586 -0.321839 -0.477011 -0.839080 -0.321839 -0.465517 -0.827586 -0.310345 -0.465517 -0.827586 -0.333333 -0.465517 -0.827586 -0.321839 -0.465517 -0.827586 -0.321839 -0.454023 -0.839080 -0.321839 -0.465517 -0.839080 -0.321839 -0.454023 -0.839080 -0.321839 -0.454023 -0.827586 -0.333333 -0.465517 -0.839080 -0.321839 -0.465517 -0.839080 -0.321839 -0.454023 -0.827586 -0.333333 -0.454023 -0.827586 -0.333333 -0.454023 -0.827586 -0.333333 -0.465517 -0.827586 
-0.275862 -0.293103 -0.816092 -0.264368 -0.293103 -0.816092 -0.252874 -0.293103 -0.816092 -0.241379 -0.281609 -0.816092 -0.264368 -0.293103 -0.816092 -0.252874 -0.293103 -0.816092 -0.206897 -0.339080 -0.827586 -0.218391 -0.339080 -0.827586 -0.218391 -0.385057 -0.793103 -0.229885 -0.385057 -0.793103 -0.229885 -0.385057 -0.793103 -0.229885 -0.385057 -0.804598 -0.218391 -0.385057 -0.793103 -0.229885 -0.396552 -0.793103 -0.275862 -0.189655 -0.735632 -0.264368 -0.189655 -0.735632 -0.206897 -0.201149 -0.712644 -0.206897 -0.189655 -0.712644 -0.252874 -0.350575 -0.758621 -0.241379 -0.350575 -0.747126 -0.241379 -0.350575 -0.747126 -0.241379 -0.339080 -0.758621 -0.218391 -0.258621 -0.735632 -0.218391 -0.247126 -0.735632 -0.264368 -0.304598 -0.758621 -0.264368 -0.316092 -0.758621 -0.264368 -0.304598 -0.758621 -0.275862 -0.304598 -0.758621 -0.241379 -0.258621 -0.724138 -0.241379 -0.258621 -0.735632 -0.275862 -0.281609 -0.701149 -0.275862 -0.281609 -0.712644 -0.229885 -0.247126 -0.724138 -0.229885 -0.247126 -0.712644 -0.252874 -0.293103 -0.701149 -0.241379 -0.281609 -0.701149 -0.264368 -0.270115 -0.701149 -0.275862 -0.281609 -0.701149 -0.264368 -0.281609 -0.701149 -0.264368 -0.270115 -0.701149 -0.252874 -0.304598 -0.712644 -0.252874 -0.293103 -0.701149 -0.275862 -0.293103 -0.712644 -0.264368 -0.293103 -0.724138 -0.275862 -0.293103 -0.747126 -0.275862 -0.304598 -0.758621 -0.298851 -0.270115 -0.793103 -0.298851 -0.270115 -0.781609 -0.275862 -0.258621 -0.781609 -0.287356 -0.258621 -0.781609 -0.241379 -0.281609 -0.827586 -0.241379 -0.293103 -0.816092 -0.275862 -0.293103 -0.804598 -0.275862 -0.293103 -0.816092 -0.275862 -0.258621 -0.770115 -0.275862 -0.258621 -0.781609 -0.287356 -0.281609 -0.804598 -0.287356 -0.293103 -0.804598 -0.241379 -0.258621 -0.770115 -0.252874 -0.258621 -0.770115 -0.218391 -0.247126 -0.747126 -0.218391 -0.247126 -0.735632 -0.287356 -0.212644 -0.689655 -0.287356 -0.201149 -0.701149 -0.229885 -0.385057 -0.804598 -0.218391 -0.385057 -0.804598 -0.218391 -0.385057 -0.804598 -0.229885 -0.396552 -0.816092 -0.241379 -0.396552 -0.827586 -0.229885 -0.396552 -0.816092 -0.229885 -0.385057 -0.827586 -0.241379 -0.396552 -0.827586 -0.229885 -0.419540 -0.781609 -0.241379 -0.419540 -0.793103 -0.241379 -0.419540 -0.781609 -0.229885 -0.419540 -0.781609 -0.241379 -0.419540 -0.781609 -0.229885 -0.396552 -0.770115 -0.287356 -0.201149 -0.724138 -0.287356 -0.212644 -0.724138 -0.206897 -0.201149 -0.701149 -0.206897 -0.189655 -0.712644 -0.206897 -0.201149 -0.689655 -0.206897 -0.189655 -0.701149 -0.252874 -0.178161 -0.655172 -0.252874 -0.166667 -0.655172 -0.252874 -0.178161 -0.643678 -0.252874 -0.178161 -0.655172 -0.264368 -0.178161 -0.666667 -0.275862 -0.178161 -0.666667 -0.264368 -0.178161 -0.655172 -0.264368 -0.178161 -0.666667 -0.252874 -0.178161 -0.643678 -0.264368 -0.178161 -0.655172 -0.241379 -0.178161 -0.655172 -0.229885 -0.189655 -0.666667 -0.229885 -0.247126 -0.747126 -0.218391 -0.247126 -0.735632 -0.218391 -0.189655 -0.678161 -0.218391 -0.189655 -0.689655 -0.229885 -0.258621 -0.735632 -0.229885 -0.247126 -0.724138 -0.241379 -0.258621 -0.735632 -0.229885 -0.258621 -0.735632 -0.195402 -0.224138 -0.758621 -0.206897 -0.235632 -0.758621 -0.218391 -0.189655 -0.678161 -0.229885 -0.178161 -0.678161 -0.229885 -0.178161 -0.678161 -0.229885 -0.189655 -0.666667 -0.206897 -0.201149 -0.712644 -0.195402 -0.201149 -0.724138 -0.229885 -0.408046 -0.793103 -0.241379 -0.419540 -0.793103 -0.241379 -0.385057 -0.770115 -0.229885 -0.385057 -0.770115 -0.264368 -0.201149 -0.758621 -0.252874 -0.201149 -0.770115 -0.252874 -0.212644 -0.781609 -0.241379 -0.224138 -0.781609 -0.241379 -0.224138 -0.781609 -0.252874 -0.224138 -0.781609 -0.287356 -0.212644 -0.724138 -0.287356 -0.212644 -0.712644 -0.287356 -0.293103 -0.804598 -0.275862 -0.293103 -0.804598 -0.241379 -0.247126 -0.781609 -0.241379 -0.235632 -0.781609 -0.241379 -0.293103 -0.816092 -0.241379 -0.293103 -0.827586 -0.252874 -0.258621 -0.758621 -0.241379 -0.258621 -0.770115 -0.206897 -0.235632 -0.758621 -0.206897 -0.247126 -0.758621 -0.229885 -0.293103 -0.793103 -0.218391 -0.293103 -0.804598 -0.195402 -0.212644 -0.770115 -0.195402 -0.201149 -0.747126 -0.241379 -0.270115 -0.770115 -0.252874 -0.258621 -0.781609 -0.264368 -0.362069 -0.758621 -0.252874 -0.350575 -0.758621 -0.229885 -0.373563 -0.816092 -0.218391 -0.373563 -0.816092 -0.229885 -0.385057 -0.827586 -0.229885 -0.373563 -0.816092 -0.275862 -0.258621 -0.770115 -0.264368 -0.258621 -0.770115 -0.241379 -0.235632 -0.781609 -0.252874 -0.224138 -0.781609 -0.252874 -0.189655 -0.747126 -0.252874 -0.189655 -0.758621 -0.252874 -0.327586 -0.758621 -0.252874 -0.339080 -0.758621 -0.206897 -0.201149 -0.724138 -0.195402 -0.201149 -0.724138 -0.195402 -0.201149 -0.735632 -0.206897 -0.201149 -0.724138 -0.206897 -0.327586 -0.827586 -0.195402 -0.316092 -0.804598 -0.218391 -0.362069 -0.816092 -0.218391 -0.350575 -0.816092 -0.206897 -0.339080 -0.827586 -0.206897 -0.327586 -0.827586 -0.218391 -0.350575 -0.816092 -0.218391 -0.350575 -0.827586 -0.218391 -0.350575 -0.827586 -0.218391 -0.339080 -0.827586 -0.275862 -0.293103 -0.735632 -0.275862 -0.281609 -0.735632 -0.275862 -0.293103 -0.724138 -0.275862 -0.281609 -0.735632 -0.298851 -0.258621 -0.781609 -0.287356 -0.258621 -0.781609 -0.275862 -0.293103 -0.712644 -0.275862 -0.281609 -0.712644 -0.252874 -0.304598 -0.712644 -0.252874 -0.293103 -0.712644 -0.264368 -0.293103 -0.712644 -0.252874 -0.293103 -0.712644 -0.264368 -0.293103 -0.724138 -0.275862 -0.293103 -0.724138 -0.206897 -0.247126 -0.747126 -0.218391 -0.247126 -0.747126 -0.229885 -0.293103 -0.781609 -0.229885 -0.281609 -0.793103 -0.229885 -0.293103 -0.781609 -0.218391 -0.293103 -0.781609 -0.218391 -0.293103 -0.781609 -0.218391 -0.293103 -0.793103 -0.264368 -0.258621 -0.770115 -0.252874 -0.258621 -0.781609 -0.195402 -0.270115 -0.781609 -0.206897 -0.293103 -0.793103 -0.241379 -0.270115 -0.770115 -0.252874 -0.270115 -0.758621 -0.229885 -0.293103 -0.793103 -0.229885 -0.281609 -0.793103 -0.252874 -0.166667 -0.655172 -0.241379 -0.178161 -0.655172 -0.241379 -0.281609 -0.827586 -0.241379 -0.270115 -0.816092 -0.241379 -0.281609 -0.816092 -0.241379 -0.270115 -0.816092 -0.264368 -0.189655 -0.758621 -0.252874 -0.189655 -0.758621 -0.275862 -0.189655 -0.724138 -0.275862 -0.201149 -0.724138 -0.275862 -0.293103 -0.735632 -0.275862 -0.293103 -0.747126 -0.298851 -0.281609 -0.804598 -0.298851 -0.270115 -0.793103 -0.287356 -0.281609 -0.804598 -0.298851 -0.281609 -0.804598 -0.287356 -0.212644 -0.689655 -0.287356 -0.212644 -0.701149 -0.287356 -0.212644 -0.701149 -0.298851 -0.212644 -0.701149 -0.206897 -0.201149 -0.689655 -0.218391 -0.201149 -0.689655 -0.218391 -0.373563 -0.816092 -0.218391 -0.362069 -0.816092 -0.195402 -0.224138 -0.758621 -0.195402 -0.212644 -0.770115 -0.229885 -0.270115 -0.712644 -0.241379 -0.270115 -0.712644 -0.287356 -0.201149 -0.689655 -0.275862 -0.189655 -0.678161 -0.241379 -0.373563 -0.770115 -0.241379 -0.385057 -0.770115 -0.264368 -0.362069 -0.758621 -0.241379 -0.373563 -0.770115 -0.206897 -0.201149 -0.735632 -0.195402 -0.201149 -0.747126 -0.298851 -0.258621 -0.781609 -0.298851 -0.270115 -0.781609 -0.264368 -0.189655 -0.735632 -0.264368 -0.189655 -0.747126 -0.275862 -0.189655 -0.735632 -0.275862 -0.189655 -0.724138 -0.275862 -0.201149 -0.701149 -0.275862 -0.201149 -0.689655 -0.218391 -0.201149 -0.689655 -0.218391 -0.201149 -0.678161 -0.252874 -0.189655 -0.747126 -0.264368 -0.189655 -0.747126 -0.241379 -0.212644 -0.770115 -0.252874 -0.212644 -0.770115 -0.252874 -0.212644 -0.770115 -0.252874 -0.201149 -0.770115 -0.241379 -0.212644 -0.770115 -0.252874 -0.212644 -0.781609 -0.287356 -0.201149 -0.724138 -0.275862 -0.201149 -0.724138 -0.264368 -0.189655 -0.758621 -0.264368 -0.201149 -0.758621 -0.275862 -0.178161 -0.666667 -0.275862 -0.189655 -0.678161 -0.195402 -0.316092 -0.804598 -0.195402 -0.270115 -0.781609 -0.206897 -0.189655 -0.701149 -0.206897 -0.201149 -0.701149 -0.275862 -0.201149 -0.701149 -0.287356 -0.201149 -0.701149 -0.229885 -0.408046 -0.793103 -0.218391 -0.396552 -0.781609 -0.229885 -0.396552 -0.793103 -0.218391 -0.396552 -0.781609 -0.241379 -0.270115 -0.701149 -0.241379 -0.281609 -0.701149 -0.241379 -0.293103 -0.827586 -0.229885 -0.304598 -0.827586 -0.241379 -0.247126 -0.781609 -0.252874 -0.258621 -0.770115 -0.264368 -0.281609 -0.701149 -0.252874 -0.281609 -0.701149 -0.287356 -0.212644 -0.712644 -0.287356 -0.224138 -0.712644 -0.287356 -0.224138 -0.712644 -0.298851 -0.212644 -0.712644 -0.298851 -0.212644 -0.712644 -0.298851 -0.212644 -0.701149 -0.252874 -0.339080 -0.758621 -0.241379 -0.339080 -0.758621 -0.229885 -0.258621 -0.735632 -0.218391 -0.258621 -0.735632 -0.252874 -0.316092 -0.758621 -0.252874 -0.327586 -0.758621 -0.264368 -0.293103 -0.701149 -0.264368 -0.293103 -0.712644 -0.229885 -0.396552 -0.770115 -0.229885 -0.385057 -0.770115 -0.206897 -0.247126 -0.747126 -0.206897 -0.247126 -0.758621 -0.218391 -0.304598 -0.816092 -0.218391 -0.293103 -0.804598 -0.229885 -0.304598 -0.816092 -0.229885 -0.304598 -0.827586 -0.218391 -0.304598 -0.816092 -0.229885 -0.304598 -0.816092 -0.195402 -0.201149 -0.735632 -0.206897 -0.201149 -0.735632 -0.218391 -0.247126 -0.735632 -0.218391 -0.235632 -0.724138 -0.241379 -0.270115 -0.724138 -0.241379 -0.258621 -0.724138 -0.229885 -0.258621 -0.735632 -0.229885 -0.258621 -0.747126 -0.241379 -0.270115 -0.712644 -0.241379 -0.270115 -0.724138 -0.229885 -0.235632 -0.712644 -0.218391 -0.235632 -0.724138 -0.229885 -0.270115 -0.712644 -0.229885 -0.270115 -0.701149 -0.206897 -0.293103 -0.793103 -0.218391 -0.293103 -0.793103 -0.252874 -0.270115 -0.758621 -0.252874 -0.258621 -0.758621 -0.252874 -0.281609 -0.701149 -0.264368 -0.293103 -0.701149 -0.241379 -0.270115 -0.701149 -0.229885 -0.270115 -0.701149 -0.218391 -0.189655 -0.689655 -0.218391 -0.201149 -0.678161 -0.275862 -0.201149 -0.689655 -0.287356 -0.201149 -0.689655 -0.252874 -0.316092 -0.758621 -0.264368 -0.316092 -0.758621 -0.229885 -0.247126 -0.712644 -0.229885 -0.235632 -0.712644 -0.229885 -0.247126 -0.747126 -0.229885 -0.258621 -0.747126 
-0.333333 -0.454023 -0.873563 -0.333333 -0.465517 -0.873563 -0.333333 -0.454023 -0.873563 -0.333333 -0.454023 -0.862069 -0.333333 -0.477011 -0.862069 -0.333333 -0.465517 -0.862069 -0.333333 -0.477011 -0.862069 -0.333333 -0.477011 -0.873563 -0.333333 -0.465517 -0.862069 -0.344828 -0.454023 -0.862069 -0.333333 -0.477011 -0.873563 -0.333333 -0.465517 -0.873563 -0.333333 -0.454023 -0.862069 -0.344828 -0.454023 -0.862069 
-0.298851 -0.385057 -0.793103 -0.287356 -0.362069 -0.793103 -0.229885 -0.385057 -0.839080 -0.229885 -0.396552 -0.827586 -0.321839 -0.442529 -0.839080 -0.321839 -0.431034 -0.839080 -0.321839 -0.442529 -0.827586 -0.321839 -0.431034 -0.839080 -0.310345 -0.396552 -0.804598 -0.310345 -0.396552 -0.816092 -0.321839 -0.408046 -0.816092 -0.321839 -0.419540 -0.827586 -0.321839 -0.408046 -0.816092 -0.310345 -0.396552 -0.816092 -0.298851 -0.385057 -0.804598 -0.298851 -0.385057 -0.793103 -0.298851 -0.431034 -0.793103 -0.287356 -0.431034 -0.793103 -0.298851 -0.385057 -0.804598 -0.310345 -0.396552 -0.804598 -0.298851 -0.454023 -0.816092 -0.287356 -0.454023 -0.804598 -0.275862 -0.258621 -0.781609 -0.287356 -0.258621 -0.793103 -0.287356 -0.293103 -0.747126 -0.275862 -0.293103 -0.735632 -0.275862 -0.293103 -0.735632 -0.275862 -0.304598 -0.724138 -0.264368 -0.293103 -0.724138 -0.275862 -0.293103 -0.724138 -0.275862 -0.304598 -0.724138 -0.275862 -0.293103 -0.724138 -0.229885 -0.247126 -0.747126 -0.218391 -0.258621 -0.735632 -0.218391 -0.258621 -0.747126 -0.229885 -0.247126 -0.747126 -0.298851 -0.224138 -0.724138 -0.310345 -0.224138 -0.724138 -0.287356 -0.373563 -0.896552 -0.298851 -0.373563 -0.896552 -0.229885 -0.350575 -0.839080 -0.229885 -0.339080 -0.839080 -0.229885 -0.350575 -0.839080 -0.229885 -0.350575 -0.850575 -0.229885 -0.373563 -0.839080 -0.241379 -0.373563 -0.839080 -0.229885 -0.373563 -0.839080 -0.229885 -0.385057 -0.839080 -0.206897 -0.201149 -0.689655 -0.218391 -0.201149 -0.689655 -0.321839 -0.431034 -0.827586 -0.321839 -0.419540 -0.827586 -0.298851 -0.212644 -0.712644 -0.310345 -0.212644 -0.712644 -0.275862 -0.178161 -0.666667 -0.275862 -0.189655 -0.678161 -0.287356 -0.201149 -0.689655 -0.287356 -0.212644 -0.689655 -0.218391 -0.201149 -0.689655 -0.218391 -0.201149 -0.678161 -0.252874 -0.373563 -0.885057 -0.252874 -0.373563 -0.896552 -0.298851 -0.212644 -0.701149 -0.310345 -0.212644 -0.712644 -0.252874 -0.396552 -0.827586 -0.241379 -0.396552 -0.827586 -0.241379 -0.408046 -0.804598 -0.229885 -0.408046 -0.804598 -0.241379 -0.408046 -0.804598 -0.241379 -0.408046 -0.816092 -0.229885 -0.408046 -0.804598 -0.229885 -0.396552 -0.804598 -0.229885 -0.396552 -0.804598 -0.229885 -0.396552 -0.793103 -0.195402 -0.431034 -0.908046 -0.206897 -0.431034 -0.896552 -0.206897 -0.431034 -0.908046 -0.195402 -0.431034 -0.908046 -0.206897 -0.408046 -0.896552 -0.195402 -0.362069 -0.885057 -0.195402 -0.247126 -0.747126 -0.206897 -0.247126 -0.747126 -0.252874 -0.373563 -0.885057 -0.252874 -0.373563 -0.873563 -0.264368 -0.339080 -0.885057 -0.275862 -0.350575 -0.896552 -0.287356 -0.362069 -0.896552 -0.275862 -0.350575 -0.896552 -0.264368 -0.431034 -0.793103 -0.264368 -0.431034 -0.804598 -0.241379 -0.385057 -0.839080 -0.241379 -0.396552 -0.839080 -0.241379 -0.373563 -0.850575 -0.241379 -0.373563 -0.839080 -0.241379 -0.385057 -0.839080 -0.241379 -0.373563 -0.850575 -0.264368 -0.431034 -0.862069 -0.264368 -0.431034 -0.850575 -0.275862 -0.431034 -0.850575 -0.275862 -0.442529 -0.850575 -0.275862 -0.431034 -0.850575 -0.264368 -0.431034 -0.850575 -0.264368 -0.431034 -0.862069 -0.275862 -0.442529 -0.862069 -0.264368 -0.442529 -0.827586 -0.264368 -0.454023 -0.839080 -0.264368 -0.419540 -0.862069 -0.275862 -0.431034 -0.862069 -0.287356 -0.442529 -0.804598 -0.287356 -0.454023 -0.804598 -0.264368 -0.454023 -0.839080 -0.252874 -0.454023 -0.827586 -0.275862 -0.465517 -0.839080 -0.252874 -0.454023 -0.827586 -0.241379 -0.339080 -0.862069 -0.252874 -0.339080 -0.885057 -0.252874 -0.396552 -0.827586 -0.241379 -0.408046 -0.827586 -0.241379 -0.419540 -0.827586 -0.241379 -0.396552 -0.839080 -0.241379 -0.396552 -0.827586 -0.241379 -0.396552 -0.816092 -0.241379 -0.396552 -0.816092 -0.241379 -0.408046 -0.816092 -0.252874 -0.419540 -0.804598 -0.252874 -0.419540 -0.793103 -0.241379 -0.419540 -0.804598 -0.252874 -0.419540 -0.793103 -0.229885 -0.396552 -0.827586 -0.218391 -0.408046 -0.873563 -0.275862 -0.293103 -0.712644 -0.275862 -0.281609 -0.712644 -0.310345 -0.465517 -0.885057 -0.310345 -0.477011 -0.885057 -0.218391 -0.385057 -0.885057 -0.229885 -0.385057 -0.873563 -0.229885 -0.385057 -0.873563 -0.218391 -0.350575 -0.885057 -0.206897 -0.408046 -0.896552 -0.195402 -0.419540 -0.908046 -0.229885 -0.247126 -0.712644 -0.229885 -0.235632 -0.712644 -0.241379 -0.235632 -0.712644 -0.229885 -0.247126 -0.712644 -0.252874 -0.235632 -0.712644 -0.241379 -0.247126 -0.701149 -0.241379 -0.247126 -0.701149 -0.241379 -0.235632 -0.712644 -0.252874 -0.166667 -0.655172 -0.241379 -0.178161 -0.655172 -0.264368 -0.224138 -0.781609 -0.275862 -0.224138 -0.793103 -0.206897 -0.258621 -0.747126 -0.206897 -0.247126 -0.747126 -0.252874 -0.304598 -0.827586 -0.241379 -0.316092 -0.827586 -0.287356 -0.465517 -0.862069 -0.298851 -0.477011 -0.862069 -0.310345 -0.465517 -0.896552 -0.310345 -0.454023 -0.885057 -0.310345 -0.454023 -0.885057 -0.298851 -0.454023 -0.885057 -0.264368 -0.304598 -0.816092 -0.252874 -0.304598 -0.816092 -0.287356 -0.316092 -0.804598 -0.287356 -0.304598 -0.804598 -0.275862 -0.270115 -0.804598 -0.275862 -0.281609 -0.804598 -0.275862 -0.270115 -0.793103 -0.264368 -0.270115 -0.793103 -0.275862 -0.316092 -0.770115 -0.275862 -0.304598 -0.758621 -0.275862 -0.281609 -0.804598 -0.275862 -0.293103 -0.804598 -0.252874 -0.304598 -0.862069 -0.229885 -0.293103 -0.827586 -0.252874 -0.304598 -0.827586 -0.252874 -0.304598 -0.816092 -0.252874 -0.316092 -0.873563 -0.264368 -0.304598 -0.873563 -0.287356 -0.442529 -0.873563 -0.287356 -0.454023 -0.873563 -0.287356 -0.454023 -0.862069 -0.287356 -0.465517 -0.862069 -0.298851 -0.454023 -0.816092 -0.310345 -0.465517 -0.827586 -0.287356 -0.419540 -0.793103 -0.275862 -0.419540 -0.793103 -0.252874 -0.431034 -0.804598 -0.264368 -0.431034 -0.804598 -0.252874 -0.442529 -0.827586 -0.252874 -0.431034 -0.816092 -0.298851 -0.477011 -0.862069 -0.287356 -0.477011 -0.850575 -0.252874 -0.316092 -0.862069 -0.252874 -0.316092 -0.873563 -0.275862 -0.431034 -0.793103 -0.264368 -0.419540 -0.793103 -0.264368 -0.419540 -0.793103 -0.275862 -0.419540 -0.793103 -0.275862 -0.396552 -0.919540 -0.264368 -0.396552 -0.919540 -0.264368 -0.385057 -0.908046 -0.252874 -0.373563 -0.896552 -0.287356 -0.385057 -0.908046 -0.298851 -0.373563 -0.896552 -0.252874 -0.396552 -0.839080 -0.241379 -0.396552 -0.839080 -0.241379 -0.408046 -0.827586 -0.241379 -0.396552 -0.839080 -0.287356 -0.442529 -0.885057 -0.298851 -0.454023 -0.885057 -0.298851 -0.465517 -0.873563 -0.298851 -0.454023 -0.873563 -0.287356 -0.454023 -0.873563 -0.298851 -0.454023 -0.873563 -0.275862 -0.442529 -0.862069 -0.287356 -0.442529 -0.873563 -0.275862 -0.442529 -0.850575 -0.275862 -0.454023 -0.850575 -0.298851 -0.201149 -0.770115 -0.287356 -0.201149 -0.770115 -0.298851 -0.189655 -0.758621 -0.298851 -0.201149 -0.770115 -0.252874 -0.442529 -0.827586 -0.264368 -0.442529 -0.827586 -0.287356 -0.431034 -0.873563 -0.287356 -0.431034 -0.862069 -0.264368 -0.419540 -0.862069 -0.264368 -0.408046 -0.862069 -0.321839 -0.454023 -0.839080 -0.321839 -0.465517 -0.839080 -0.241379 -0.419540 -0.804598 -0.241379 -0.408046 -0.804598 -0.229885 -0.408046 -0.793103 -0.241379 -0.408046 -0.793103 -0.241379 -0.408046 -0.793103 -0.241379 -0.408046 -0.804598 -0.252874 -0.396552 -0.839080 -0.252874 -0.408046 -0.850575 -0.287356 -0.431034 -0.793103 -0.287356 -0.442529 -0.793103 -0.287356 -0.442529 -0.793103 -0.287356 -0.442529 -0.804598 -0.264368 -0.431034 -0.793103 -0.275862 -0.431034 -0.793103 -0.287356 -0.362069 -0.896552 -0.287356 -0.373563 -0.896552 -0.252874 -0.304598 -0.850575 -0.241379 -0.316092 -0.839080 -0.287356 -0.419540 -0.793103 -0.298851 -0.431034 -0.793103 -0.252874 -0.350575 -0.850575 -0.241379 -0.339080 -0.850575 -0.241379 -0.339080 -0.850575 -0.241379 -0.350575 -0.850575 -0.287356 -0.293103 -0.747126 -0.275862 -0.293103 -0.747126 -0.252874 -0.316092 -0.862069 -0.241379 -0.316092 -0.862069 -0.218391 -0.350575 -0.885057 -0.229885 -0.350575 -0.850575 -0.218391 -0.258621 -0.735632 -0.218391 -0.247126 -0.735632 -0.275862 -0.281609 -0.701149 -0.275862 -0.281609 -0.712644 -0.252874 -0.235632 -0.712644 -0.252874 -0.224138 -0.712644 -0.252874 -0.224138 -0.712644 -0.252874 -0.235632 -0.701149 -0.252874 -0.235632 -0.689655 -0.252874 -0.235632 -0.701149 -0.264368 -0.235632 -0.678161 -0.264368 -0.224138 -0.689655 -0.264368 -0.224138 -0.689655 -0.264368 -0.235632 -0.689655 -0.252874 -0.235632 -0.689655 -0.264368 -0.235632 -0.689655 -0.218391 -0.247126 -0.735632 -0.218391 -0.235632 -0.724138 -0.229885 -0.235632 -0.712644 -0.218391 -0.235632 -0.724138 -0.264368 -0.304598 -0.816092 -0.275862 -0.304598 -0.816092 -0.229885 -0.339080 -0.850575 -0.241379 -0.350575 -0.850575 -0.241379 -0.178161 -0.678161 -0.229885 -0.178161 -0.689655 -0.275862 -0.316092 -0.770115 -0.275862 -0.327586 -0.781609 -0.275862 -0.327586 -0.781609 -0.275862 -0.339080 -0.781609 -0.298851 -0.189655 -0.735632 -0.310345 -0.189655 -0.735632 -0.321839 -0.454023 -0.839080 -0.321839 -0.442529 -0.839080 -0.252874 -0.362069 -0.839080 -0.252874 -0.362069 -0.850575 -0.241379 -0.362069 -0.850575 -0.252874 -0.362069 -0.850575 -0.241379 -0.362069 -0.850575 -0.252874 -0.373563 -0.862069 -0.252874 -0.373563 -0.873563 -0.252874 -0.373563 -0.862069 -0.275862 -0.350575 -0.781609 -0.287356 -0.362069 -0.793103 -0.264368 -0.339080 -0.781609 -0.275862 -0.339080 -0.781609 -0.275862 -0.350575 -0.781609 -0.264368 -0.339080 -0.781609 -0.275862 -0.270115 -0.689655 -0.264368 -0.270115 -0.689655 -0.218391 -0.431034 -0.885057 -0.218391 -0.408046 -0.873563 -0.275862 -0.224138 -0.793103 -0.275862 -0.235632 -0.804598 -0.275862 -0.258621 -0.781609 -0.275862 -0.235632 -0.793103 -0.275862 -0.212644 -0.770115 -0.264368 -0.224138 -0.781609 -0.287356 -0.201149 -0.770115 -0.275862 -0.212644 -0.770115 -0.252874 -0.431034 -0.816092 -0.241379 -0.419540 -0.827586 -0.229885 -0.396552 -0.781609 -0.229885 -0.408046 -0.793103 -0.229885 -0.396552 -0.793103 -0.229885 -0.396552 -0.781609 -0.241379 -0.178161 -0.678161 -0.229885 -0.178161 -0.666667 -0.241379 -0.327586 -0.862069 -0.241379 -0.327586 -0.850575 -0.241379 -0.339080 -0.862069 -0.241379 -0.327586 -0.862069 -0.264368 -0.339080 -0.885057 -0.252874 -0.339080 -0.885057 -0.229885 -0.339080 -0.850575 -0.229885 -0.327586 -0.839080 -0.229885 -0.327586 -0.839080 -0.229885 -0.339080 -0.839080 -0.252874 -0.350575 -0.850575 -0.252874 -0.362069 -0.839080 -0.241379 -0.327586 -0.850575 -0.241379 -0.316092 -0.850575 -0.241379 -0.316092 -0.862069 -0.241379 -0.316092 -0.850575 -0.206897 -0.189655 -0.701149 -0.206897 -0.201149 -0.701149 -0.287356 -0.442529 -0.885057 -0.287356 -0.431034 -0.873563 -0.264368 -0.396552 -0.919540 -0.264368 -0.385057 -0.908046 -0.252874 -0.419540 -0.804598 -0.252874 -0.431034 -0.804598 -0.321839 -0.477011 -0.827586 -0.310345 -0.477011 -0.839080 -0.195402 -0.247126 -0.747126 -0.195402 -0.224138 -0.735632 -0.195402 -0.201149 -0.724138 -0.195402 -0.212644 -0.724138 -0.287356 -0.201149 -0.689655 -0.275862 -0.189655 -0.678161 -0.206897 -0.189655 -0.712644 -0.195402 -0.201149 -0.724138 -0.287356 -0.189655 -0.747126 -0.298851 -0.189655 -0.758621 -0.264368 -0.235632 -0.678161 -0.275862 -0.247126 -0.678161 -0.264368 -0.281609 -0.701149 -0.264368 -0.270115 -0.689655 -0.275862 -0.281609 -0.701149 -0.264368 -0.281609 -0.701149 -0.275862 -0.270115 -0.804598 -0.264368 -0.270115 -0.793103 -0.275862 -0.293103 -0.712644 -0.264368 -0.293103 -0.724138 -0.275862 -0.235632 -0.804598 -0.275862 -0.235632 -0.793103 -0.218391 -0.189655 -0.689655 -0.218391 -0.201149 -0.678161 -0.206897 -0.431034 -0.896552 -0.218391 -0.431034 -0.885057 -0.275862 -0.454023 -0.850575 -0.287356 -0.454023 -0.862069 -0.218391 -0.385057 -0.885057 -0.195402 -0.362069 -0.885057 -0.241379 -0.304598 -0.827586 -0.241379 -0.316092 -0.827586 -0.264368 -0.304598 -0.862069 -0.264368 -0.304598 -0.873563 -0.229885 -0.293103 -0.827586 -0.252874 -0.304598 -0.850575 -0.241379 -0.304598 -0.827586 -0.241379 -0.316092 -0.839080 -0.264368 -0.304598 -0.862069 -0.252874 -0.304598 -0.862069 -0.287356 -0.316092 -0.816092 -0.287356 -0.316092 -0.804598 -0.275862 -0.258621 -0.689655 -0.275862 -0.247126 -0.678161 -0.275862 -0.304598 -0.827586 -0.287356 -0.316092 -0.816092 -0.321839 -0.431034 -0.827586 -0.321839 -0.442529 -0.827586 -0.287356 -0.431034 -0.862069 -0.275862 -0.431034 -0.862069 -0.310345 -0.189655 -0.724138 -0.310345 -0.201149 -0.735632 -0.310345 -0.201149 -0.735632 -0.321839 -0.201149 -0.724138 -0.321839 -0.201149 -0.724138 -0.310345 -0.201149 -0.724138 -0.310345 -0.201149 -0.724138 -0.321839 -0.212644 -0.724138 -0.321839 -0.212644 -0.724138 -0.310345 -0.212644 -0.724138 -0.298851 -0.189655 -0.735632 -0.287356 -0.189655 -0.747126 -0.310345 -0.189655 -0.724138 -0.310345 -0.189655 -0.735632 -0.310345 -0.224138 -0.724138 -0.310345 -0.212644 -0.724138 -0.229885 -0.178161 -0.666667 -0.241379 -0.178161 -0.666667 -0.229885 -0.178161 -0.689655 -0.229885 -0.178161 -0.678161 -0.252874 -0.178161 -0.643678 -0.252874 -0.178161 -0.655172 -0.206897 -0.201149 -0.701149 -0.206897 -0.189655 -0.712644 -0.252874 -0.178161 -0.655172 -0.252874 -0.166667 -0.655172 -0.206897 -0.201149 -0.689655 -0.206897 -0.189655 -0.701149 -0.218391 -0.258621 -0.747126 -0.206897 -0.258621 -0.747126 -0.252874 -0.178161 -0.643678 -0.264368 -0.178161 -0.655172 -0.275862 -0.178161 -0.666667 -0.264368 -0.178161 -0.655172 -0.241379 -0.178161 -0.655172 -0.229885 -0.189655 -0.666667 -0.229885 -0.189655 -0.666667 -0.241379 -0.178161 -0.666667 -0.275862 -0.258621 -0.689655 -0.275862 -0.270115 -0.689655 -0.218391 -0.189655 -0.678161 -0.218391 -0.189655 -0.689655 -0.218391 -0.189655 -0.678161 -0.229885 -0.178161 -0.678161 -0.321839 -0.465517 -0.827586 -0.310345 -0.465517 -0.827586 -0.264368 -0.408046 -0.862069 -0.252874 -0.408046 -0.850575 -0.298851 -0.224138 -0.712644 -0.298851 -0.212644 -0.712644 -0.298851 -0.224138 -0.712644 -0.298851 -0.224138 -0.724138 -0.287356 -0.212644 -0.689655 -0.287356 -0.212644 -0.701149 -0.287356 -0.212644 -0.701149 -0.298851 -0.212644 -0.701149 -0.275862 -0.293103 -0.747126 -0.275862 -0.304598 -0.758621 -0.287356 -0.304598 -0.804598 -0.275862 -0.293103 -0.804598 -0.275862 -0.304598 -0.816092 -0.275862 -0.304598 -0.827586 -0.287356 -0.258621 -0.793103 -0.275862 -0.270115 -0.793103 -0.310345 -0.465517 -0.885057 -0.310345 -0.477011 -0.873563 -0.275862 -0.396552 -0.908046 -0.275862 -0.396552 -0.919540 -0.287356 -0.385057 -0.908046 -0.275862 -0.396552 -0.908046 -0.310345 -0.465517 -0.873563 -0.310345 -0.477011 -0.873563 -0.321839 -0.477011 -0.896552 -0.310345 -0.465517 -0.896552 -0.310345 -0.477011 -0.885057 -0.321839 -0.477011 -0.885057 -0.206897 -0.419540 -0.908046 -0.195402 -0.419540 -0.908046 -0.206897 -0.419540 -0.908046 -0.206897 -0.431034 -0.908046 -0.321839 -0.477011 -0.827586 -0.321839 -0.465517 -0.827586 -0.275862 -0.465517 -0.839080 -0.287356 -0.477011 -0.850575 -0.321839 -0.477011 -0.896552 -0.321839 -0.477011 -0.885057 -0.298851 -0.465517 -0.873563 -0.310345 -0.465517 -0.873563 -0.321839 -0.465517 -0.839080 -0.321839 -0.477011 -0.839080 -0.310345 -0.477011 -0.839080 -0.321839 -0.477011 -0.839080 -0.195402 -0.224138 -0.735632 -0.195402 -0.212644 -0.724138 
-0.287356 -0.327586 0.356322 -0.287356 -0.339080 0.356322 -0.275862 -0.327586 0.390805 -0.287356 -0.316092 0.390805 -0.287356 -0.316092 0.390805 -0.275862 -0.316092 0.402299 -0.275862 -0.327586 0.344828 -0.287356 -0.316092 0.344828 -0.298851 -0.350575 0.367816 -0.298851 -0.339080 0.356322 -0.287356 -0.304598 0.344828 -0.275862 -0.304598 0.344828 -0.264368 -0.304598 0.367816 -0.264368 -0.293103 0.379310 -0.264368 -0.304598 0.367816 -0.275862 -0.304598 0.379310 -0.287356 -0.327586 0.344828 -0.287356 -0.327586 0.356322 -0.264368 -0.304598 0.402299 -0.275862 -0.316092 0.402299 -0.275862 -0.304598 0.344828 -0.275862 -0.304598 0.356322 -0.298851 -0.339080 0.367816 -0.298851 -0.339080 0.379310 -0.275862 -0.304598 0.367816 -0.275862 -0.304598 0.356322 -0.264368 -0.293103 0.402299 -0.275862 -0.293103 0.390805 -0.287356 -0.327586 0.379310 -0.298851 -0.339080 0.379310 -0.287356 -0.327586 0.390805 -0.287356 -0.327586 0.379310 -0.275862 -0.304598 0.367816 -0.275862 -0.304598 0.379310 -0.275862 -0.293103 0.390805 -0.264368 -0.293103 0.379310 -0.287356 -0.339080 0.356322 -0.298851 -0.339080 0.356322 -0.287356 -0.327586 0.390805 -0.275862 -0.327586 0.390805 -0.275862 -0.316092 0.344828 -0.287356 -0.316092 0.344828 -0.287356 -0.304598 0.344828 -0.275862 -0.316092 0.344828 -0.275862 -0.304598 0.402299 -0.264368 -0.304598 0.402299 -0.264368 -0.293103 0.402299 -0.275862 -0.304598 0.402299 -0.298851 -0.350575 0.367816 -0.298851 -0.339080 0.367816 -0.275862 -0.327586 0.344828 -0.287356 -0.327586 0.344828 
-0.160920 -0.247126 0.172414 -0.160920 -0.258621 0.160920 -0.149425 -0.258621 0.160920 -0.149425 -0.258621 0.172414 -0.160920 -0.247126 0.160920 -0.160920 -0.247126 0.172414 -0.160920 -0.247126 0.160920 -0.149425 -0.247126 0.160920 -0.149425 -0.258621 0.172414 -0.149425 -0.247126 0.160920 -0.149425 -0.258621 0.160920 -0.160920 -0.258621 0.160920 
-0.022988 -0.362069 0.206897 -0.011494 -0.362069 0.206897 -0.011494 -0.362069 0.206897 -0.022988 -0.350575 0.206897 -0.022988 -0.362069 0.195402 -0.034483 -0.350575 0.195402 -0.034483 -0.350575 0.195402 -0.022988 -0.350575 0.195402 -0.022988 -0.350575 0.206897 -0.022988 -0.350575 0.195402 -0.022988 -0.362069 0.206897 -0.022988 -0.362069 0.195402 
0.022988 -0.385057 0.057471 0.022988 -0.396552 0.057471 0.022988 -0.385057 0.057471 0.034483 -0.385057 0.045977 0.022988 -0.396552 0.045977 0.034483 -0.396552 0.057471 0.034483 -0.385057 0.045977 0.022988 -0.385057 0.045977 0.022988 -0.396552 0.057471 0.034483 -0.396552 0.057471 0.022988 -0.385057 0.045977 0.022988 -0.396552 0.045977 
-0.114943 -0.281609 0.080460 -0.126437 -0.270115 0.080460 -0.126437 -0.270115 0.080460 -0.126437 -0.281609 0.080460 -0.114943 -0.281609 0.068965 -0.114943 -0.281609 0.080460 -0.114943 -0.270115 0.068965 -0.114943 -0.281609 0.068965 -0.126437 -0.281609 0.068965 -0.114943 -0.270115 0.068965 -0.126437 -0.281609 0.068965 -0.126437 -0.281609 0.080460 
0.000000 -0.327586 0.218391 0.000000 -0.339080 0.218391 0.000000 -0.327586 0.241379 0.000000 -0.339080 0.241379 -0.011494 -0.327586 0.229885 0.000000 -0.327586 0.218391 -0.011494 -0.339080 0.218391 -0.011494 -0.339080 0.241379 0.000000 -0.339080 0.218391 -0.011494 -0.339080 0.218391 0.000000 -0.327586 0.241379 -0.011494 -0.327586 0.229885 -0.011494 -0.339080 0.241379 0.000000 -0.339080 0.241379 
-0.022988 -0.385057 0.241379 -0.011494 -0.396552 0.241379 -0.034483 -0.385057 0.218391 -0.034483 -0.396552 0.218391 -0.034483 -0.385057 0.218391 -0.022988 -0.385057 0.241379 -0.011494 -0.396552 0.241379 -0.022988 -0.396552 0.241379 -0.011494 -0.408046 0.241379 -0.022988 -0.408046 0.229885 -0.034483 -0.396552 0.218391 -0.022988 -0.396552 0.218391 -0.011494 -0.408046 0.241379 -0.022988 -0.408046 0.241379 -0.022988 -0.408046 0.241379 -0.022988 -0.396552 0.241379 -0.022988 -0.396552 0.218391 -0.022988 -0.408046 0.229885 
0.068965 0.293103 -0.206897 0.068965 0.293103 -0.218391 0.057471 0.293103 -0.218391 0.057471 0.293103 -0.206897 0.068965 0.293103 -0.206897 0.057471 0.293103 -0.206897 0.057471 0.293103 -0.218391 0.057471 0.304598 -0.218391 0.057471 0.304598 -0.218391 0.068965 0.293103 -0.218391 
-0.114943 0.465517 0.103448 -0.114943 0.465517 0.114943 -0.103448 0.477011 0.103448 -0.103448 0.477011 0.114943 -0.103448 0.465517 0.114943 -0.103448 0.477011 0.103448 -0.114943 0.477011 0.114943 -0.114943 0.465517 0.103448 -0.114943 0.477011 0.114943 -0.103448 0.477011 0.114943 -0.103448 0.465517 0.114943 -0.114943 0.465517 0.114943 
0.126437 0.143678 0.045977 0.114943 0.143678 0.057471 0.126437 0.143678 0.057471 0.126437 0.143678 0.045977 0.114943 0.143678 0.045977 0.114943 0.143678 0.057471 0.114943 0.132184 0.057471 0.114943 0.143678 0.045977 0.126437 0.132184 0.045977 0.126437 0.143678 0.057471 0.114943 0.132184 0.057471 0.126437 0.132184 0.057471 0.126437 0.132184 0.045977 0.126437 0.132184 0.057471 
0.045977 -0.178161 -0.218391 0.045977 -0.166667 -0.218391 0.045977 -0.166667 -0.229885 0.057471 -0.178161 -0.229885 0.057471 -0.166667 -0.218391 0.057471 -0.178161 -0.218391 0.057471 -0.178161 -0.218391 0.057471 -0.166667 -0.229885 0.057471 -0.166667 -0.229885 0.057471 -0.178161 -0.229885 0.045977 -0.178161 -0.218391 0.045977 -0.166667 -0.229885 0.045977 -0.166667 -0.218391 0.057471 -0.166667 -0.218391 
0.011494 0.247126 0.287356 0.022988 0.247126 0.287356 0.022988 0.247126 0.298851 0.011494 0.258621 0.298851 0.022988 0.247126 0.298851 0.022988 0.247126 0.287356 0.011494 0.247126 0.287356 0.022988 0.258621 0.287356 0.022988 0.258621 0.287356 0.022988 0.258621 0.298851 0.011494 0.258621 0.298851 0.022988 0.258621 0.298851 
0.000000 -0.373563 0.241379 0.000000 -0.362069 0.241379 0.000000 -0.373563 0.229885 0.011494 -0.373563 0.241379 0.000000 -0.373563 0.229885 0.000000 -0.362069 0.241379 0.011494 -0.373563 0.241379 0.000000 -0.373563 0.241379 
0.206897 -0.270115 -0.195402 0.206897 -0.270115 -0.183908 0.195402 -0.270115 -0.195402 0.195402 -0.270115 -0.183908 0.206897 -0.270115 -0.183908 0.195402 -0.270115 -0.195402 0.206897 -0.270115 -0.195402 0.206897 -0.281609 -0.195402 0.195402 -0.281609 -0.195402 0.206897 -0.281609 -0.195402 0.195402 -0.270115 -0.183908 0.195402 -0.281609 -0.195402 
-0.011494 -0.327586 0.183908 -0.011494 -0.327586 0.172414 -0.011494 -0.327586 0.183908 -0.011494 -0.316092 0.183908 -0.022988 -0.316092 0.183908 -0.011494 -0.316092 0.183908 -0.011494 -0.327586 0.172414 -0.022988 -0.327586 0.183908 -0.022988 -0.327586 0.183908 -0.022988 -0.316092 0.172414 -0.022988 -0.316092 0.172414 -0.022988 -0.316092 0.183908 
-0.206897 -0.281609 0.172414 -0.206897 -0.270115 0.172414 -0.206897 -0.281609 0.183908 -0.218391 -0.270115 0.183908 -0.206897 -0.281609 0.183908 -0.218391 -0.281609 0.172414 -0.206897 -0.281609 0.172414 -0.218391 -0.281609 0.172414 -0.206897 -0.270115 0.183908 -0.218391 -0.270115 0.183908 -0.206897 -0.270115 0.172414 -0.206897 -0.270115 0.183908 
0.206897 0.201149 -0.068965 0.195402 0.201149 -0.068965 0.195402 0.201149 -0.068965 0.195402 0.201149 -0.057471 0.206897 0.212644 -0.057471 0.206897 0.212644 -0.068965 0.195402 0.212644 -0.068965 0.195402 0.201149 -0.057471 0.206897 0.212644 -0.068965 0.206897 0.201149 -0.057471 0.206897 0.201149 -0.057471 0.206897 0.201149 -0.068965 0.206897 0.212644 -0.057471 0.195402 0.212644 -0.068965 
0.137931 0.224138 0.160920 0.137931 0.224138 0.149425 0.126437 0.235632 0.149425 0.137931 0.235632 0.160920 0.126437 0.235632 0.149425 0.137931 0.224138 0.149425 0.137931 0.224138 0.160920 0.137931 0.235632 0.160920 
0.000000 -0.132184 0.149425 0.000000 -0.132184 0.160920 -0.011494 -0.132184 0.149425 0.000000 -0.132184 0.149425 0.000000 -0.143678 0.149425 -0.011494 -0.132184 0.149425 -0.011494 -0.143678 0.160920 -0.011494 -0.132184 0.160920 0.000000 -0.132184 0.160920 -0.011494 -0.132184 0.160920 0.000000 -0.143678 0.149425 0.000000 -0.143678 0.160920 0.000000 -0.143678 0.160920 -0.011494 -0.143678 0.160920 
-0.034483 0.454023 -0.390805 -0.045977 0.454023 -0.390805 -0.034483 0.442529 -0.379310 -0.045977 0.442529 -0.390805 -0.034483 0.454023 -0.379310 -0.034483 0.454023 -0.390805 -0.045977 0.442529 -0.390805 -0.045977 0.442529 -0.379310 -0.045977 0.442529 -0.379310 -0.045977 0.454023 -0.390805 -0.034483 0.442529 -0.379310 -0.034483 0.442529 -0.390805 -0.034483 0.442529 -0.390805 -0.034483 0.454023 -0.379310 
-0.195402 0.534483 0.091954 -0.183908 0.522989 0.091954 -0.183908 0.522989 0.091954 -0.195402 0.522989 0.103448 -0.195402 0.534483 0.091954 -0.195402 0.534483 0.103448 -0.195402 0.522989 0.114943 -0.195402 0.522989 0.103448 -0.195402 0.545977 0.103448 -0.183908 0.545977 0.114943 -0.195402 0.534483 0.114943 -0.183908 0.545977 0.114943 -0.195402 0.534483 0.103448 -0.195402 0.545977 0.103448 -0.195402 0.522989 0.114943 -0.183908 0.534483 0.114943 -0.183908 0.534483 0.114943 -0.195402 0.534483 0.114943 
-0.057471 0.373563 -0.413793 -0.068965 0.385057 -0.413793 -0.068965 0.385057 -0.425287 -0.057471 0.385057 -0.425287 -0.057471 0.373563 -0.425287 -0.057471 0.385057 -0.425287 -0.068965 0.385057 -0.425287 -0.057471 0.385057 -0.413793 -0.068965 0.373563 -0.425287 -0.057471 0.373563 -0.413793 -0.068965 0.373563 -0.425287 -0.057471 0.373563 -0.425287 -0.057471 0.385057 -0.413793 -0.068965 0.385057 -0.413793 
-0.195402 0.454023 -0.425287 -0.195402 0.442529 -0.436782 -0.206897 0.442529 -0.425287 -0.195402 0.442529 -0.425287 -0.195402 0.454023 -0.436782 -0.195402 0.454023 -0.425287 -0.195402 0.454023 -0.436782 -0.206897 0.454023 -0.425287 -0.195402 0.442529 -0.436782 -0.195402 0.442529 -0.425287 -0.206897 0.442529 -0.425287 -0.206897 0.442529 -0.436782 -0.206897 0.454023 -0.425287 -0.206897 0.442529 -0.436782 
-0.022988 0.350575 -0.390805 -0.022988 0.339080 -0.379310 -0.022988 0.339080 -0.379310 -0.022988 0.339080 -0.390805 -0.034483 0.339080 -0.379310 -0.022988 0.339080 -0.390805 -0.022988 0.350575 -0.379310 -0.022988 0.350575 -0.390805 -0.034483 0.350575 -0.390805 -0.022988 0.350575 -0.379310 -0.034483 0.339080 -0.379310 -0.034483 0.339080 -0.390805 -0.034483 0.350575 -0.390805 -0.034483 0.339080 -0.390805 
0.103448 0.189655 -0.114943 0.103448 0.178161 -0.114943 0.103448 0.178161 -0.126437 0.103448 0.178161 -0.114943 0.103448 0.178161 -0.126437 0.091954 0.189655 -0.126437 0.103448 0.189655 -0.114943 0.091954 0.189655 -0.126437 
0.091954 -0.534483 0.126437 0.091954 -0.522989 0.126437 0.103448 -0.522989 0.126437 0.091954 -0.522989 0.114943 0.091954 -0.522989 0.114943 0.091954 -0.534483 0.114943 0.103448 -0.522989 0.126437 0.091954 -0.522989 0.126437 0.103448 -0.534483 0.114943 0.091954 -0.534483 0.126437 0.091954 -0.534483 0.114943 0.103448 -0.534483 0.114943 
-0.034483 -0.304598 0.080460 -0.045977 -0.304598 0.091954 -0.034483 -0.304598 0.091954 -0.045977 -0.304598 0.091954 -0.045977 -0.316092 0.080460 -0.034483 -0.316092 0.091954 -0.034483 -0.304598 0.080460 -0.045977 -0.304598 0.080460 -0.045977 -0.316092 0.080460 -0.045977 -0.304598 0.080460 -0.034483 -0.316092 0.091954 -0.034483 -0.304598 0.091954 
0.160920 0.235632 -0.172414 0.149425 0.235632 -0.172414 0.160920 0.235632 -0.172414 0.160920 0.235632 -0.183908 0.160920 0.224138 -0.172414 0.149425 0.224138 -0.172414 0.149425 0.235632 -0.172414 0.149425 0.224138 -0.183908 0.160920 0.235632 -0.183908 0.160920 0.224138 -0.172414 0.149425 0.224138 -0.172414 0.149425 0.224138 -0.183908 
0.022988 -0.189655 0.045977 0.022988 -0.189655 0.034483 0.011494 -0.178161 0.045977 0.022988 -0.189655 0.045977 0.022988 -0.178161 0.045977 0.011494 -0.178161 0.045977 0.011494 -0.189655 0.034483 0.022988 -0.189655 0.034483 0.022988 -0.178161 0.034483 0.011494 -0.189655 0.034483 0.022988 -0.178161 0.034483 0.022988 -0.178161 0.045977 
0.206897 0.247126 -0.068965 0.218391 0.247126 -0.057471 0.218391 0.247126 -0.057471 0.218391 0.247126 -0.068965 0.206897 0.235632 -0.057471 0.206897 0.247126 -0.068965 0.218391 0.235632 -0.057471 0.218391 0.235632 -0.068965 0.206897 0.235632 -0.057471 0.206897 0.235632 -0.068965 0.218391 0.235632 -0.057471 0.206897 0.235632 -0.068965 0.218391 0.247126 -0.068965 0.218391 0.235632 -0.068965 
0.114943 0.040230 -0.160920 0.114943 0.028736 -0.160920 0.114943 0.028736 -0.160920 0.103448 0.028736 -0.160920 0.114943 0.040230 -0.149425 0.103448 0.028736 -0.149425 0.114943 0.028736 -0.149425 0.114943 0.040230 -0.149425 0.114943 0.028736 -0.149425 0.114943 0.040230 -0.160920 0.103448 0.028736 -0.149425 0.103448 0.040230 -0.160920 0.103448 0.040230 -0.160920 0.103448 0.028736 -0.160920 
0.057471 0.385057 0.068965 0.057471 0.373563 0.057471 0.045977 0.385057 0.045977 0.045977 0.385057 0.057471 0.045977 0.385057 0.045977 0.057471 0.385057 0.057471 0.057471 0.373563 0.057471 0.057471 0.373563 0.045977 0.045977 0.373563 0.045977 0.045977 0.373563 0.057471 0.045977 0.385057 0.057471 0.045977 0.373563 0.045977 0.057471 0.373563 0.045977 0.045977 0.373563 0.057471 0.057471 0.385057 0.068965 0.057471 0.385057 0.057471 
0.000000 0.465517 -0.252874 -0.011494 0.465517 -0.252874 -0.011494 0.477011 -0.252874 0.000000 0.465517 -0.252874 -0.011494 0.477011 -0.252874 -0.011494 0.477011 -0.264368 -0.011494 0.477011 -0.264368 -0.022988 0.477011 -0.252874 -0.011494 0.465517 -0.264368 -0.011494 0.465517 -0.252874 -0.022988 0.477011 -0.264368 -0.022988 0.477011 -0.275862 -0.022988 0.477011 -0.275862 -0.022988 0.465517 -0.264368 -0.022988 0.465517 -0.252874 -0.022988 0.465517 -0.264368 -0.022988 0.477011 -0.264368 -0.022988 0.477011 -0.252874 -0.011494 0.465517 -0.264368 -0.022988 0.465517 -0.252874 
-0.160920 0.373563 -0.379310 -0.160920 0.362069 -0.390805 -0.137931 0.373563 -0.379310 -0.149425 0.373563 -0.390805 -0.149425 0.373563 -0.390805 -0.149425 0.373563 -0.379310 -0.137931 0.362069 -0.379310 -0.137931 0.373563 -0.390805 -0.137931 0.373563 -0.390805 -0.137931 0.373563 -0.379310 -0.149425 0.362069 -0.379310 -0.137931 0.362069 -0.379310 -0.149425 0.362069 -0.390805 -0.137931 0.362069 -0.390805 -0.137931 0.362069 -0.390805 -0.149425 0.362069 -0.379310 -0.160920 0.373563 -0.379310 -0.149425 0.373563 -0.379310 -0.149425 0.362069 -0.390805 -0.160920 0.362069 -0.379310 -0.160920 0.362069 -0.379310 -0.160920 0.362069 -0.390805 
-0.045977 -0.304598 0.160920 -0.034483 -0.304598 0.149425 -0.045977 -0.304598 0.160920 -0.045977 -0.304598 0.149425 -0.045977 -0.304598 0.149425 -0.045977 -0.304598 0.137931 -0.057471 -0.304598 0.137931 -0.057471 -0.316092 0.149425 -0.034483 -0.316092 0.149425 -0.034483 -0.304598 0.160920 -0.034483 -0.304598 0.160920 -0.034483 -0.304598 0.149425 -0.045977 -0.304598 0.137931 -0.057471 -0.304598 0.149425 -0.057471 -0.304598 0.149425 -0.057471 -0.304598 0.137931 -0.045977 -0.316092 0.149425 -0.034483 -0.316092 0.149425 -0.057471 -0.316092 0.137931 -0.045977 -0.316092 0.149425 -0.057471 -0.316092 0.149425 -0.057471 -0.316092 0.137931 
