0.022988 -0.178161 0.034483 0.011494 -0.189655 0.034483 0.022988 -0.178161 0.034483 0.022988 -0.178161 0.045977 0.022988 -0.189655 0.045977 0.022988 -0.189655 0.034483 0.022988 -0.178161 0.045977 0.022988 -0.189655 0.045977 0.011494 -0.189655 0.034483 0.022988 -0.189655 0.034483 
0.091954 -0.534483 0.126437 0.091954 -0.522989 0.126437 0.103448 -0.534483 0.114943 0.091954 -0.522989 0.114943 0.091954 -0.522989 0.114943 0.091954 -0.522989 0.126437 0.103448 -0.534483 0.114943 0.091954 -0.534483 0.126437 
-0.218391 0.419540 -0.551724 -0.218391 0.408046 -0.551724 -0.206897 0.419540 -0.563218 -0.218391 0.408046 -0.563218 -0.206897 0.419540 -0.551724 -0.218391 0.419540 -0.551724 -0.206897 0.419540 -0.563218 -0.206897 0.419540 -0.551724 -0.218391 0.408046 -0.563218 -0.218391 0.408046 -0.551724 
-0.321839 0.488506 -0.275862 -0.321839 0.500000 -0.275862 -0.310345 0.500000 -0.275862 -0.321839 0.500000 -0.275862 -0.321839 0.500000 -0.287356 -0.310345 0.488506 -0.287356 -0.321839 0.488506 -0.275862 -0.310345 0.488506 -0.287356 -0.310345 0.500000 -0.275862 -0.321839 0.500000 -0.287356 
0.068965 -0.500000 -0.712644 0.068965 -0.511494 -0.701149 0.057471 -0.500000 -0.701149 0.068965 -0.500000 -0.701149 0.068965 -0.500000 -0.712644 0.068965 -0.500000 -0.701149 0.068965 -0.511494 -0.701149 0.057471 -0.511494 -0.712644 0.057471 -0.511494 -0.701149 0.057471 -0.500000 -0.701149 0.057471 -0.511494 -0.712644 0.057471 -0.511494 -0.701149 
0.114943 0.040230 -0.160920 0.114943 0.028736 -0.160920 0.103448 0.028736 -0.149425 0.103448 0.040230 -0.160920 0.103448 0.040230 -0.160920 0.103448 0.028736 -0.160920 0.114943 0.040230 -0.160920 0.114943 0.028736 -0.149425 0.114943 0.040230 -0.149425 0.103448 0.028736 -0.149425 0.114943 0.028736 -0.149425 0.114943 0.040230 -0.149425 0.114943 0.028736 -0.160920 0.103448 0.028736 -0.160920 
0.183908 -0.132184 -0.390805 0.183908 -0.120690 -0.390805 0.183908 -0.120690 -0.390805 0.195402 -0.132184 -0.390805 0.183908 -0.132184 -0.379310 0.195402 -0.132184 -0.379310 0.195402 -0.120690 -0.390805 0.195402 -0.132184 -0.390805 0.195402 -0.120690 -0.390805 0.195402 -0.132184 -0.379310 0.183908 -0.132184 -0.390805 0.183908 -0.132184 -0.379310 
-0.275862 -0.362069 -0.747126 -0.275862 -0.362069 -0.758621 -0.275862 -0.350575 -0.758621 -0.275862 -0.350575 -0.747126 -0.275862 -0.362069 -0.758621 -0.275862 -0.350575 -0.758621 -0.264368 -0.362069 -0.747126 -0.275862 -0.350575 -0.747126 -0.275862 -0.362069 -0.747126 -0.264368 -0.362069 -0.747126 
-0.287356 -0.534483 -0.850575 -0.287356 -0.534483 -0.862069 -0.298851 -0.534483 -0.862069 -0.298851 -0.534483 -0.850575 -0.298851 -0.522989 -0.862069 -0.298851 -0.534483 -0.862069 -0.287356 -0.522989 -0.862069 -0.287356 -0.534483 -0.850575 -0.298851 -0.534483 -0.850575 -0.287356 -0.534483 -0.862069 -0.298851 -0.522989 -0.862069 -0.287356 -0.522989 -0.862069 
-0.241379 0.511494 -0.068965 -0.241379 0.500000 -0.068965 -0.252874 0.500000 -0.057471 -0.241379 0.511494 -0.057471 -0.252874 0.500000 -0.057471 -0.252874 0.511494 -0.057471 -0.252874 0.511494 -0.068965 -0.241379 0.511494 -0.068965 -0.252874 0.511494 -0.057471 -0.252874 0.511494 -0.068965 -0.241379 0.500000 -0.068965 -0.241379 0.511494 -0.057471 
0.126437 0.235632 0.149425 0.137931 0.224138 0.149425 0.137931 0.224138 0.160920 0.137931 0.235632 0.160920 0.126437 0.235632 0.149425 0.137931 0.235632 0.160920 0.137931 0.224138 0.160920 0.137931 0.224138 0.149425 
-0.137931 -0.477011 -0.758621 -0.137931 -0.477011 -0.747126 -0.137931 -0.477011 -0.747126 -0.137931 -0.488506 -0.758621 -0.149425 -0.488506 -0.758621 -0.149425 -0.488506 -0.747126 -0.149425 -0.488506 -0.758621 -0.149425 -0.477011 -0.758621 -0.149425 -0.488506 -0.747126 -0.137931 -0.488506 -0.758621 -0.149425 -0.477011 -0.758621 -0.137931 -0.477011 -0.758621 
0.057471 0.385057 0.068965 0.057471 0.385057 0.057471 0.057471 0.385057 0.068965 0.057471 0.373563 0.057471 0.045977 0.385057 0.057471 0.057471 0.385057 0.057471 0.057471 0.373563 0.057471 0.057471 0.373563 0.045977 0.045977 0.385057 0.057471 0.045977 0.373563 0.045977 0.045977 0.373563 0.045977 0.045977 0.373563 0.057471 0.057471 0.373563 0.045977 0.045977 0.373563 0.057471 
-0.080460 -0.442529 0.103448 -0.080460 -0.442529 0.114943 -0.080460 -0.442529 0.114943 -0.068965 -0.442529 0.114943 -0.068965 -0.442529 0.114943 -0.080460 -0.454023 0.114943 -0.068965 -0.454023 0.103448 -0.080460 -0.454023 0.103448 -0.068965 -0.454023 0.103448 -0.080460 -0.442529 0.103448 -0.080460 -0.454023 0.103448 -0.080460 -0.454023 0.114943 
-0.022988 -0.040230 0.000000 -0.034483 -0.040230 0.011494 -0.022988 -0.051724 0.000000 -0.022988 -0.040230 0.000000 -0.022988 -0.051724 0.011494 -0.022988 -0.051724 0.000000 -0.022988 -0.051724 0.011494 -0.034483 -0.040230 0.011494 
-0.298851 0.419540 0.126437 -0.298851 0.419540 0.137931 -0.310345 0.431034 0.137931 -0.310345 0.419540 0.137931 -0.298851 0.419540 0.137931 -0.310345 0.431034 0.137931 -0.298851 0.431034 0.126437 -0.298851 0.419540 0.126437 -0.298851 0.431034 0.126437 -0.310345 0.419540 0.126437 -0.310345 0.419540 0.137931 -0.310345 0.419540 0.126437 
-0.149425 -0.293103 0.287356 -0.137931 -0.293103 0.287356 -0.137931 -0.281609 0.298851 -0.149425 -0.281609 0.298851 -0.137931 -0.281609 0.287356 -0.149425 -0.281609 0.298851 -0.149425 -0.293103 0.298851 -0.149425 -0.293103 0.287356 -0.137931 -0.293103 0.298851 -0.149425 -0.293103 0.298851 -0.137931 -0.293103 0.298851 -0.137931 -0.281609 0.298851 -0.137931 -0.281609 0.287356 -0.137931 -0.293103 0.287356 
-0.298851 0.545977 0.149425 -0.287356 0.545977 0.149425 -0.298851 0.534483 0.149425 -0.287356 0.534483 0.149425 -0.287356 0.545977 0.149425 -0.298851 0.534483 0.149425 -0.287356 0.545977 0.137931 -0.287356 0.534483 0.137931 -0.287356 0.534483 0.149425 -0.287356 0.534483 0.137931 -0.287356 0.545977 0.137931 -0.298851 0.545977 0.149425 
-0.298851 -0.143678 0.609195 -0.310345 -0.143678 0.609195 -0.310345 -0.143678 0.609195 -0.298851 -0.155172 0.609195 -0.298851 -0.155172 0.597701 -0.298851 -0.155172 0.609195 -0.298851 -0.143678 0.597701 -0.298851 -0.143678 0.609195 -0.298851 -0.155172 0.597701 -0.298851 -0.143678 0.597701 
0.091954 0.189655 -0.126437 0.091954 0.189655 -0.114943 0.091954 0.189655 -0.114943 0.080460 0.189655 -0.114943 0.091954 0.178161 -0.114943 0.080460 0.189655 -0.114943 0.091954 0.189655 -0.126437 0.091954 0.178161 -0.126437 0.080460 0.178161 -0.126437 0.091954 0.178161 -0.114943 0.080460 0.178161 -0.126437 0.091954 0.178161 -0.126437 
-0.252874 0.545977 -0.080460 -0.264368 0.545977 -0.080460 -0.252874 0.534483 -0.091954 -0.264368 0.534483 -0.091954 -0.252874 0.545977 -0.080460 -0.252874 0.534483 -0.091954 -0.264368 0.545977 -0.080460 -0.264368 0.534483 -0.080460 -0.264368 0.534483 -0.080460 -0.264368 0.534483 -0.091954 
-0.034483 -0.304598 0.126437 -0.034483 -0.304598 0.137931 -0.022988 -0.304598 0.126437 -0.034483 -0.304598 0.126437 -0.022988 -0.316092 0.126437 -0.022988 -0.316092 0.114943 -0.022988 -0.304598 0.126437 -0.022988 -0.316092 0.126437 -0.034483 -0.316092 0.126437 -0.034483 -0.304598 0.137931 -0.034483 -0.316092 0.126437 -0.022988 -0.316092 0.114943 
0.022988 -0.247126 0.183908 0.011494 -0.247126 0.183908 0.022988 -0.258621 0.172414 0.011494 -0.258621 0.172414 0.022988 -0.258621 0.172414 0.022988 -0.247126 0.172414 0.022988 -0.258621 0.183908 0.022988 -0.247126 0.183908 0.022988 -0.258621 0.183908 0.011494 -0.258621 0.172414 0.022988 -0.247126 0.172414 0.011494 -0.247126 0.183908 
0.287356 0.040230 -0.172414 0.287356 0.040230 -0.183908 0.298851 0.040230 -0.172414 0.298851 0.040230 -0.183908 0.298851 0.051724 -0.183908 0.298851 0.051724 -0.172414 0.298851 0.040230 -0.183908 0.298851 0.051724 -0.183908 0.298851 0.051724 -0.172414 0.287356 0.051724 -0.183908 0.287356 0.040230 -0.183908 0.298851 0.040230 -0.172414 0.287356 0.040230 -0.172414 0.287356 0.051724 -0.183908 
-0.321839 -0.281609 0.724138 -0.333333 -0.270115 0.724138 -0.310345 -0.270115 0.712644 -0.321839 -0.281609 0.712644 -0.321839 -0.281609 0.724138 -0.321839 -0.281609 0.712644 -0.321839 -0.270115 0.724138 -0.310345 -0.270115 0.712644 -0.321839 -0.270115 0.724138 -0.333333 -0.270115 0.724138 
-0.229885 -0.235632 0.758621 -0.229885 -0.235632 0.747126 -0.229885 -0.235632 0.758621 -0.241379 -0.235632 0.758621 -0.229885 -0.235632 0.747126 -0.229885 -0.224138 0.747126 -0.241379 -0.235632 0.758621 -0.229885 -0.224138 0.758621 -0.229885 -0.224138 0.747126 -0.229885 -0.224138 0.758621 
-0.241379 -0.293103 0.701149 -0.252874 -0.304598 0.701149 -0.252874 -0.304598 0.701149 -0.241379 -0.304598 0.701149 -0.241379 -0.304598 0.689655 -0.252874 -0.293103 0.689655 -0.252874 -0.293103 0.689655 -0.241379 -0.293103 0.689655 -0.241379 -0.304598 0.689655 -0.241379 -0.304598 0.701149 -0.241379 -0.293103 0.701149 -0.241379 -0.293103 0.689655 
-0.080460 -0.109195 -0.551724 -0.068965 -0.109195 -0.551724 -0.080460 -0.109195 -0.540230 -0.068965 -0.109195 -0.540230 -0.068965 -0.109195 -0.540230 -0.080460 -0.109195 -0.551724 -0.080460 -0.097701 -0.551724 -0.068965 -0.109195 -0.551724 -0.080460 -0.097701 -0.540230 -0.068965 -0.097701 -0.540230 -0.068965 -0.097701 -0.540230 -0.080460 -0.097701 -0.551724 -0.080460 -0.097701 -0.540230 -0.080460 -0.109195 -0.540230 
0.022988 -0.178161 0.034483 0.011494 -0.189655 0.034483 0.022988 -0.178161 0.034483 0.022988 -0.178161 0.045977 0.022988 -0.189655 0.045977 0.022988 -0.189655 0.034483 0.022988 -0.178161 0.045977 0.022988 -0.189655 0.045977 0.011494 -0.189655 0.034483 0.022988 -0.189655 0.034483 
-0.321839 0.189655 -0.011494 -0.310345 0.189655 -0.011494 -0.321839 0.178161 0.000000 -0.310345 0.178161 0.000000 -0.310345 0.178161 0.000000 -0.321839 0.189655 0.000000 -0.310345 0.189655 -0.011494 -0.321839 0.189655 0.000000 -0.310345 0.178161 -0.011494 -0.321839 0.178161 -0.011494 -0.321839 0.178161 -0.011494 -0.321839 0.189655 -0.011494 -0.321839 0.178161 0.000000 -0.310345 0.178161 -0.011494 
-0.034483 -0.304598 0.149425 -0.034483 -0.304598 0.137931 -0.045977 -0.316092 0.137931 -0.034483 -0.316092 0.137931 -0.034483 -0.304598 0.149425 -0.034483 -0.316092 0.149425 -0.045977 -0.316092 0.137931 -0.034483 -0.316092 0.149425 -0.034483 -0.316092 0.137931 -0.034483 -0.304598 0.137931 
-0.275862 0.385057 -0.402299 -0.287356 0.396552 -0.402299 -0.275862 0.385057 -0.402299 -0.287356 0.385057 -0.402299 -0.275862 0.396552 -0.390805 -0.287356 0.396552 -0.390805 -0.287356 0.396552 -0.390805 -0.287356 0.385057 -0.390805 -0.275862 0.396552 -0.390805 -0.287356 0.396552 -0.402299 -0.287356 0.385057 -0.402299 -0.287356 0.385057 -0.390805 
-0.206897 0.408046 -0.563218 -0.218391 0.408046 -0.563218 -0.206897 0.419540 -0.551724 -0.218391 0.419540 -0.551724 -0.206897 0.408046 -0.563218 -0.206897 0.419540 -0.563218 -0.206897 0.419540 -0.563218 -0.206897 0.419540 -0.551724 -0.218391 0.408046 -0.563218 -0.218391 0.419540 -0.551724 
-0.011494 0.477011 -0.264368 -0.022988 0.477011 -0.252874 -0.011494 0.477011 -0.252874 -0.011494 0.477011 -0.264368 -0.022988 0.477011 -0.264368 -0.022988 0.477011 -0.275862 -0.022988 0.477011 -0.275862 -0.022988 0.465517 -0.264368 -0.022988 0.477011 -0.264368 -0.022988 0.477011 -0.252874 -0.011494 0.465517 -0.264368 -0.022988 0.465517 -0.252874 -0.022988 0.465517 -0.252874 -0.022988 0.465517 -0.264368 -0.011494 0.465517 -0.264368 -0.011494 0.465517 -0.252874 0.000000 0.465517 -0.252874 -0.011494 0.465517 -0.252874 -0.011494 0.477011 -0.252874 0.000000 0.465517 -0.252874 
-0.252874 0.028736 -0.666667 -0.241379 0.040230 -0.666667 -0.252874 0.028736 -0.666667 -0.241379 0.028736 -0.666667 -0.241379 0.040230 -0.678161 -0.241379 0.028736 -0.678161 -0.241379 0.028736 -0.678161 -0.241379 0.028736 -0.666667 -0.241379 0.040230 -0.678161 -0.241379 0.040230 -0.666667 
-0.321839 0.488506 -0.275862 -0.321839 0.500000 -0.275862 -0.310345 0.500000 -0.275862 -0.321839 0.500000 -0.275862 -0.321839 0.488506 -0.287356 -0.321839 0.500000 -0.287356 -0.310345 0.488506 -0.287356 -0.321839 0.488506 -0.287356 -0.321839 0.488506 -0.275862 -0.310345 0.488506 -0.287356 -0.310345 0.500000 -0.275862 -0.321839 0.500000 -0.287356 
0.068965 -0.500000 -0.712644 0.068965 -0.511494 -0.701149 0.057471 -0.500000 -0.701149 0.068965 -0.500000 -0.701149 0.068965 -0.500000 -0.712644 0.068965 -0.500000 -0.701149 0.068965 -0.511494 -0.701149 0.057471 -0.511494 -0.712644 0.057471 -0.511494 -0.701149 0.057471 -0.500000 -0.701149 0.057471 -0.511494 -0.712644 0.057471 -0.511494 -0.701149 
0.114943 0.040230 -0.160920 0.114943 0.028736 -0.160920 0.103448 0.028736 -0.149425 0.103448 0.040230 -0.160920 0.103448 0.040230 -0.160920 0.103448 0.028736 -0.160920 0.114943 0.040230 -0.160920 0.114943 0.028736 -0.149425 0.114943 0.040230 -0.149425 0.103448 0.028736 -0.149425 0.114943 0.028736 -0.149425 0.114943 0.040230 -0.149425 0.114943 0.028736 -0.160920 0.103448 0.028736 -0.160920 
0.183908 -0.132184 -0.390805 0.183908 -0.120690 -0.390805 0.183908 -0.120690 -0.390805 0.195402 -0.132184 -0.390805 0.183908 -0.132184 -0.379310 0.195402 -0.132184 -0.379310 0.183908 -0.132184 -0.390805 0.183908 -0.120690 -0.379310 0.183908 -0.120690 -0.379310 0.183908 -0.132184 -0.379310 0.195402 -0.132184 -0.390805 0.195402 -0.132184 -0.379310 
-0.022988 -0.350575 0.195402 -0.022988 -0.362069 0.195402 0.000000 -0.362069 0.195402 0.000000 -0.350575 0.195402 -0.022988 -0.362069 0.206897 -0.011494 -0.362069 0.195402 0.000000 -0.362069 0.195402 0.000000 -0.362069 0.206897 -0.011494 -0.350575 0.195402 0.000000 -0.350575 0.195402 -0.022988 -0.362069 0.206897 -0.022988 -0.362069 0.195402 -0.022988 -0.350575 0.195402 -0.011494 -0.350575 0.206897 -0.011494 -0.350575 0.206897 0.000000 -0.362069 0.206897 -0.011494 -0.350575 0.195402 -0.011494 -0.362069 0.195402 
-0.241379 0.511494 -0.068965 -0.241379 0.500000 -0.068965 -0.252874 0.500000 -0.057471 -0.241379 0.511494 -0.057471 -0.252874 0.500000 -0.057471 -0.252874 0.511494 -0.057471 -0.252874 0.511494 -0.068965 -0.241379 0.511494 -0.068965 -0.252874 0.511494 -0.057471 -0.252874 0.511494 -0.068965 -0.241379 0.500000 -0.068965 -0.241379 0.511494 -0.057471 
-0.137931 -0.477011 -0.758621 -0.137931 -0.477011 -0.747126 -0.137931 -0.477011 -0.747126 -0.137931 -0.488506 -0.758621 -0.149425 -0.488506 -0.758621 -0.149425 -0.488506 -0.747126 -0.149425 -0.488506 -0.758621 -0.149425 -0.477011 -0.758621 -0.149425 -0.488506 -0.747126 -0.137931 -0.488506 -0.758621 -0.149425 -0.477011 -0.758621 -0.137931 -0.477011 -0.758621 
-0.034483 -0.155172 0.275862 -0.022988 -0.155172 0.275862 -0.034483 -0.155172 0.275862 -0.022988 -0.166667 0.275862 -0.034483 -0.166667 0.287356 -0.022988 -0.166667 0.287356 -0.022988 -0.155172 0.287356 -0.022988 -0.166667 0.287356 -0.022988 -0.155172 0.275862 -0.022988 -0.155172 0.287356 -0.034483 -0.166667 0.287356 -0.022988 -0.166667 0.275862 
-0.080460 -0.442529 0.103448 -0.080460 -0.442529 0.114943 -0.080460 -0.442529 0.114943 -0.068965 -0.442529 0.114943 -0.068965 -0.442529 0.114943 -0.080460 -0.454023 0.114943 -0.068965 -0.454023 0.103448 -0.080460 -0.454023 0.103448 -0.068965 -0.454023 0.103448 -0.080460 -0.442529 0.103448 -0.080460 -0.454023 0.103448 -0.080460 -0.454023 0.114943 
0.057471 0.385057 0.068965 0.057471 0.385057 0.057471 0.057471 0.385057 0.068965 0.057471 0.373563 0.057471 0.045977 0.385057 0.045977 0.045977 0.385057 0.057471 0.045977 0.385057 0.045977 0.057471 0.385057 0.057471 0.057471 0.373563 0.057471 0.057471 0.373563 0.045977 0.045977 0.385057 0.057471 0.045977 0.373563 0.045977 0.045977 0.373563 0.045977 0.045977 0.373563 0.057471 0.057471 0.373563 0.045977 0.045977 0.373563 0.057471 
-0.160920 -0.281609 0.183908 -0.172414 -0.281609 0.195402 -0.172414 -0.270115 0.172414 -0.172414 -0.270115 0.183908 -0.172414 -0.270115 0.195402 -0.172414 -0.270115 0.183908 -0.160920 -0.281609 0.183908 -0.172414 -0.281609 0.172414 -0.172414 -0.270115 0.172414 -0.172414 -0.281609 0.172414 -0.172414 -0.281609 0.195402 -0.172414 -0.270115 0.195402 
-0.022988 -0.040230 0.000000 -0.034483 -0.040230 0.011494 -0.022988 -0.051724 0.000000 -0.022988 -0.040230 0.000000 -0.022988 -0.051724 0.011494 -0.022988 -0.051724 0.000000 -0.022988 -0.051724 0.011494 -0.034483 -0.040230 0.011494 
0.045977 -0.017241 -0.781609 0.057471 -0.028736 -0.770115 0.057471 -0.017241 -0.793103 0.057471 -0.028736 -0.770115 0.057471 -0.028736 -0.781609 0.057471 -0.017241 -0.793103 0.045977 -0.017241 -0.781609 0.057471 -0.028736 -0.793103 0.057471 -0.028736 -0.781609 0.057471 -0.028736 -0.793103 
0.011494 -0.258621 0.172414 0.022988 -0.247126 0.172414 0.022988 -0.258621 0.183908 0.022988 -0.247126 0.183908 0.022988 -0.258621 0.183908 0.011494 -0.258621 0.172414 0.022988 -0.247126 0.172414 0.022988 -0.247126 0.183908 
0.091954 0.189655 -0.126437 0.091954 0.189655 -0.114943 0.091954 0.189655 -0.114943 0.080460 0.189655 -0.114943 0.091954 0.178161 -0.114943 0.080460 0.189655 -0.114943 0.091954 0.189655 -0.126437 0.091954 0.178161 -0.126437 0.080460 0.178161 -0.126437 0.091954 0.178161 -0.114943 0.080460 0.178161 -0.126437 0.091954 0.178161 -0.126437 
-0.103448 0.465517 0.103448 -0.103448 0.465517 0.114943 -0.114943 0.465517 0.114943 -0.103448 0.465517 0.103448 -0.103448 0.465517 0.114943 -0.103448 0.477011 0.114943 -0.114943 0.465517 0.103448 -0.114943 0.465517 0.114943 -0.114943 0.477011 0.114943 -0.114943 0.465517 0.103448 -0.114943 0.477011 0.114943 -0.114943 0.477011 0.103448 -0.114943 0.477011 0.103448 -0.103448 0.477011 0.114943 
-0.298851 0.454023 0.126437 -0.298851 0.454023 0.114943 -0.287356 0.465517 0.114943 -0.298851 0.465517 0.126437 -0.298851 0.454023 0.126437 -0.298851 0.465517 0.126437 -0.287356 0.465517 0.114943 -0.298851 0.454023 0.114943 
-0.252874 0.545977 -0.080460 -0.264368 0.545977 -0.080460 -0.252874 0.534483 -0.091954 -0.264368 0.534483 -0.091954 -0.252874 0.545977 -0.080460 -0.252874 0.534483 -0.091954 -0.264368 0.545977 -0.080460 -0.264368 0.534483 -0.080460 -0.264368 0.534483 -0.080460 -0.264368 0.534483 -0.091954 
0.137931 -0.224138 -0.264368 0.137931 -0.224138 -0.275862 0.137931 -0.212644 -0.275862 0.137931 -0.212644 -0.264368 0.149425 -0.212644 -0.264368 0.137931 -0.212644 -0.275862 0.149425 -0.224138 -0.275862 0.137931 -0.224138 -0.264368 0.149425 -0.224138 -0.264368 0.149425 -0.224138 -0.275862 0.149425 -0.212644 -0.264368 0.149425 -0.224138 -0.264368 0.137931 -0.224138 -0.275862 0.137931 -0.212644 -0.264368 
0.103448 -0.522989 0.126437 0.091954 -0.534483 0.126437 0.103448 -0.522989 0.126437 0.091954 -0.522989 0.126437 0.091954 -0.522989 0.114943 0.091954 -0.522989 0.126437 0.091954 -0.522989 0.114943 0.091954 -0.534483 0.114943 0.103448 -0.534483 0.114943 0.091954 -0.534483 0.126437 0.091954 -0.534483 0.114943 0.103448 -0.534483 0.114943 
0.252874 -0.362069 0.206897 0.252874 -0.373563 0.206897 0.252874 -0.373563 0.195402 0.241379 -0.362069 0.195402 0.252874 -0.373563 0.195402 0.241379 -0.373563 0.195402 0.241379 -0.362069 0.195402 0.252874 -0.362069 0.206897 0.252874 -0.373563 0.206897 0.241379 -0.373563 0.195402 
0.091954 -0.373563 0.390805 0.080460 -0.373563 0.390805 0.091954 -0.385057 0.379310 0.080460 -0.385057 0.379310 0.080460 -0.385057 0.379310 0.091954 -0.373563 0.379310 0.091954 -0.385057 0.390805 0.091954 -0.385057 0.379310 0.091954 -0.385057 0.390805 0.080460 -0.373563 0.390805 0.091954 -0.373563 0.379310 0.091954 -0.373563 0.390805 
-0.022988 -0.327586 0.183908 -0.034483 -0.327586 0.183908 -0.022988 -0.316092 0.195402 -0.022988 -0.327586 0.195402 -0.022988 -0.316092 0.195402 -0.022988 -0.316092 0.183908 -0.034483 -0.327586 0.183908 -0.022988 -0.327586 0.195402 -0.022988 -0.316092 0.183908 -0.022988 -0.327586 0.183908 
0.000000 -0.373563 0.195402 -0.011494 -0.362069 0.195402 0.000000 -0.362069 0.195402 0.000000 -0.373563 0.195402 0.000000 -0.362069 0.195402 0.000000 -0.362069 0.206897 -0.011494 -0.362069 0.195402 -0.011494 -0.373563 0.195402 -0.011494 -0.373563 0.195402 -0.011494 -0.362069 0.206897 -0.011494 -0.362069 0.206897 -0.011494 -0.350575 0.206897 -0.011494 -0.350575 0.206897 0.000000 -0.362069 0.206897 
0.000000 -0.488506 0.091954 -0.011494 -0.488506 0.080460 0.000000 -0.500000 0.080460 -0.011494 -0.500000 0.080460 -0.011494 -0.500000 0.068965 0.000000 -0.500000 0.080460 0.000000 -0.488506 0.068965 -0.011494 -0.488506 0.080460 -0.011494 -0.500000 0.068965 -0.011494 -0.488506 0.068965 -0.011494 -0.500000 0.091954 -0.011494 -0.500000 0.080460 -0.011494 -0.500000 0.091954 0.000000 -0.488506 0.091954 0.000000 -0.488506 0.068965 -0.011494 -0.488506 0.068965 
0.022988 -0.247126 0.183908 0.011494 -0.247126 0.183908 0.022988 -0.258621 0.172414 0.011494 -0.258621 0.172414 0.022988 -0.258621 0.172414 0.022988 -0.247126 0.172414 0.022988 -0.258621 0.183908 0.022988 -0.247126 0.183908 0.022988 -0.258621 0.183908 0.011494 -0.258621 0.172414 0.022988 -0.247126 0.172414 0.011494 -0.247126 0.183908 
-0.114943 0.522989 0.103448 -0.114943 0.522989 0.114943 -0.114943 0.511494 0.114943 -0.114943 0.522989 0.103448 -0.114943 0.511494 0.114943 -0.126437 0.511494 0.114943 -0.126437 0.522989 0.114943 -0.126437 0.522989 0.103448 -0.126437 0.522989 0.103448 -0.114943 0.522989 0.114943 -0.126437 0.522989 0.114943 -0.126437 0.511494 0.114943 
0.034483 -0.224138 0.206897 0.034483 -0.212644 0.206897 0.022988 -0.212644 0.218391 0.034483 -0.224138 0.218391 0.034483 -0.224138 0.218391 0.034483 -0.212644 0.218391 0.034483 -0.212644 0.206897 0.022988 -0.224138 0.206897 0.022988 -0.235632 0.218391 0.022988 -0.224138 0.206897 0.034483 -0.212644 0.218391 0.034483 -0.224138 0.206897 0.022988 -0.224138 0.218391 0.022988 -0.235632 0.218391 0.022988 -0.224138 0.218391 0.022988 -0.212644 0.218391 
-0.103448 0.465517 0.103448 -0.103448 0.465517 0.114943 -0.114943 0.465517 0.114943 -0.103448 0.465517 0.103448 -0.103448 0.465517 0.114943 -0.103448 0.477011 0.114943 -0.114943 0.465517 0.103448 -0.114943 0.465517 0.114943 -0.114943 0.477011 0.114943 -0.114943 0.465517 0.103448 -0.114943 0.477011 0.114943 -0.103448 0.477011 0.114943 
0.080460 -0.385057 0.390805 0.091954 -0.385057 0.390805 0.091954 -0.385057 0.379310 0.080460 -0.385057 0.379310 0.080460 -0.373563 0.379310 0.080460 -0.385057 0.379310 0.080460 -0.373563 0.390805 0.080460 -0.373563 0.379310 0.080460 -0.385057 0.390805 0.091954 -0.385057 0.379310 0.091954 -0.385057 0.390805 0.080460 -0.373563 0.390805 
-0.022988 -0.419540 0.287356 -0.022988 -0.419540 0.275862 -0.022988 -0.419540 0.275862 -0.022988 -0.431034 0.287356 -0.011494 -0.431034 0.275862 -0.011494 -0.419540 0.287356 -0.011494 -0.431034 0.287356 -0.011494 -0.431034 0.275862 -0.011494 -0.419540 0.287356 -0.022988 -0.419540 0.287356 -0.022988 -0.431034 0.287356 -0.011494 -0.431034 0.287356 
-0.080460 -0.511494 0.379310 -0.068965 -0.511494 0.379310 -0.068965 -0.511494 0.379310 -0.080460 -0.522989 0.379310 -0.080460 -0.511494 0.390805 -0.080460 -0.522989 0.390805 -0.080460 -0.511494 0.379310 -0.080460 -0.511494 0.390805 -0.080460 -0.522989 0.379310 -0.080460 -0.522989 0.390805 
-0.287356 -0.327586 0.390805 -0.275862 -0.327586 0.390805 -0.287356 -0.316092 0.390805 -0.275862 -0.316092 0.402299 -0.275862 -0.327586 0.390805 -0.287356 -0.316092 0.390805 -0.275862 -0.304598 0.402299 -0.264368 -0.304598 0.402299 -0.264368 -0.304598 0.402299 -0.264368 -0.293103 0.402299 -0.310345 -0.339080 0.379310 -0.298851 -0.339080 0.367816 -0.298851 -0.339080 0.379310 -0.310345 -0.339080 0.379310 -0.275862 -0.304598 0.367816 -0.275862 -0.304598 0.356322 -0.264368 -0.293103 0.402299 -0.275862 -0.293103 0.390805 -0.298851 -0.327586 0.356322 -0.287356 -0.327586 0.356322 -0.287356 -0.339080 0.356322 -0.298851 -0.327586 0.356322 -0.287356 -0.316092 0.344828 -0.287356 -0.304598 0.344828 -0.287356 -0.304598 0.344828 -0.275862 -0.316092 0.344828 -0.298851 -0.350575 0.367816 -0.298851 -0.339080 0.367816 -0.275862 -0.327586 0.344828 -0.287356 -0.316092 0.344828 -0.298851 -0.350575 0.367816 -0.298851 -0.339080 0.356322 -0.275862 -0.304598 0.344828 -0.275862 -0.316092 0.344828 -0.275862 -0.304598 0.379310 -0.264368 -0.293103 0.379310 -0.287356 -0.339080 0.356322 -0.298851 -0.339080 0.356322 -0.264368 -0.293103 0.390805 -0.275862 -0.293103 0.390805 -0.275862 -0.304598 0.344828 -0.264368 -0.304598 0.356322 -0.275862 -0.327586 0.344828 -0.287356 -0.327586 0.344828 -0.287356 -0.327586 0.344828 -0.287356 -0.327586 0.356322 -0.287356 -0.327586 0.379310 -0.298851 -0.339080 0.379310 -0.287356 -0.327586 0.390805 -0.287356 -0.327586 0.379310 -0.275862 -0.304598 0.367816 -0.275862 -0.304598 0.379310 -0.264368 -0.293103 0.379310 -0.264368 -0.293103 0.390805 -0.275862 -0.304598 0.402299 -0.275862 -0.316092 0.402299 -0.264368 -0.304598 0.356322 -0.275862 -0.304598 0.356322 
0.091954 -0.373563 0.390805 0.080460 -0.373563 0.390805 0.103448 -0.373563 0.379310 0.091954 -0.385057 0.379310 0.080460 -0.373563 0.390805 0.091954 -0.373563 0.379310 0.091954 -0.385057 0.390805 0.091954 -0.385057 0.379310 0.091954 -0.373563 0.390805 0.091954 -0.385057 0.390805 0.103448 -0.373563 0.379310 0.091954 -0.373563 0.379310 
-0.080460 -0.442529 0.103448 -0.080460 -0.442529 0.114943 -0.080460 -0.442529 0.114943 -0.068965 -0.442529 0.114943 -0.068965 -0.442529 0.114943 -0.080460 -0.454023 0.114943 -0.068965 -0.454023 0.103448 -0.080460 -0.454023 0.103448 -0.068965 -0.454023 0.103448 -0.080460 -0.442529 0.103448 -0.080460 -0.454023 0.103448 -0.080460 -0.454023 0.114943 
-0.022988 -0.350575 0.195402 -0.022988 -0.362069 0.195402 0.000000 -0.362069 0.195402 0.000000 -0.350575 0.195402 -0.022988 -0.362069 0.206897 -0.011494 -0.362069 0.195402 0.000000 -0.362069 0.195402 0.000000 -0.362069 0.206897 -0.011494 -0.350575 0.195402 0.000000 -0.350575 0.195402 -0.022988 -0.362069 0.206897 -0.022988 -0.362069 0.195402 -0.022988 -0.350575 0.195402 -0.011494 -0.350575 0.206897 -0.011494 -0.350575 0.206897 0.000000 -0.362069 0.206897 -0.011494 -0.350575 0.195402 -0.011494 -0.362069 0.195402 
0.022988 -0.201149 0.091954 0.022988 -0.201149 0.103448 0.011494 -0.201149 0.103448 0.022988 -0.201149 0.103448 0.011494 -0.201149 0.103448 0.022988 -0.189655 0.103448 0.022988 -0.189655 0.103448 0.022988 -0.189655 0.091954 0.022988 -0.201149 0.091954 0.022988 -0.189655 0.091954 
0.022988 -0.212644 0.218391 0.034483 -0.224138 0.218391 0.034483 -0.224138 0.218391 0.034483 -0.212644 0.218391 0.034483 -0.212644 0.218391 0.034483 -0.224138 0.206897 0.022988 -0.224138 0.218391 0.022988 -0.212644 0.218391 0.022988 -0.224138 0.206897 0.034483 -0.224138 0.206897 0.022988 -0.224138 0.218391 0.022988 -0.224138 0.206897 
-0.275862 -0.431034 -0.862069 -0.264368 -0.431034 -0.862069 -0.264368 -0.431034 -0.850575 -0.264368 -0.431034 -0.862069 -0.264368 -0.419540 -0.850575 -0.264368 -0.419540 -0.862069 -0.264368 -0.431034 -0.850575 -0.264368 -0.419540 -0.850575 -0.264368 -0.419540 -0.862069 -0.275862 -0.431034 -0.862069 
-0.264368 -0.385057 -0.919540 -0.275862 -0.385057 -0.908046 -0.264368 -0.396552 -0.919540 -0.264368 -0.396552 -0.931034 -0.275862 -0.385057 -0.908046 -0.275862 -0.385057 -0.919540 -0.275862 -0.396552 -0.919540 -0.264368 -0.396552 -0.931034 -0.264368 -0.385057 -0.919540 -0.264368 -0.396552 -0.919540 -0.275862 -0.396552 -0.919540 -0.275862 -0.385057 -0.919540 
-0.287356 -0.431034 -0.793103 -0.287356 -0.431034 -0.781609 -0.287356 -0.442529 -0.793103 -0.287356 -0.431034 -0.793103 -0.287356 -0.431034 -0.781609 -0.298851 -0.431034 -0.793103 -0.287356 -0.442529 -0.793103 -0.298851 -0.442529 -0.781609 -0.298851 -0.442529 -0.781609 -0.298851 -0.442529 -0.793103 -0.298851 -0.442529 -0.793103 -0.298851 -0.431034 -0.793103 
-0.298851 -0.362069 0.482759 -0.298851 -0.362069 0.471264 -0.298851 -0.350575 0.471264 -0.298851 -0.362069 0.471264 -0.298851 -0.362069 0.482759 -0.298851 -0.350575 0.482759 -0.298851 -0.350575 0.471264 -0.298851 -0.350575 0.482759 
-0.321839 -0.270115 0.735632 -0.321839 -0.258621 0.735632 -0.321839 -0.258621 0.747126 -0.333333 -0.258621 0.735632 -0.333333 -0.258621 0.735632 -0.321839 -0.258621 0.735632 -0.321839 -0.258621 0.747126 -0.321839 -0.270115 0.747126 -0.321839 -0.270115 0.747126 -0.321839 -0.270115 0.735632 
-0.310345 -0.258621 -0.689655 -0.298851 -0.258621 -0.689655 -0.310345 -0.258621 -0.678161 -0.310345 -0.258621 -0.689655 -0.310345 -0.247126 -0.678161 -0.298851 -0.247126 -0.678161 -0.298851 -0.247126 -0.678161 -0.310345 -0.258621 -0.678161 -0.310345 -0.247126 -0.689655 -0.298851 -0.258621 -0.689655 -0.310345 -0.247126 -0.678161 -0.310345 -0.247126 -0.689655 
-0.310345 -0.534483 -0.816092 -0.298851 -0.534483 -0.816092 -0.298851 -0.534483 -0.816092 -0.310345 -0.522989 -0.816092 -0.310345 -0.522989 -0.827586 -0.298851 -0.522989 -0.827586 -0.310345 -0.522989 -0.816092 -0.310345 -0.522989 -0.827586 -0.310345 -0.534483 -0.816092 -0.310345 -0.534483 -0.827586 -0.310345 -0.534483 -0.827586 -0.298851 -0.522989 -0.827586 
-0.011494 -0.166667 0.206897 -0.022988 -0.166667 0.195402 -0.022988 -0.166667 0.206897 -0.011494 -0.178161 0.206897 -0.011494 -0.166667 0.218391 -0.011494 -0.178161 0.218391 -0.011494 -0.166667 0.218391 -0.022988 -0.166667 0.218391 -0.022988 -0.166667 0.206897 -0.011494 -0.166667 0.206897 -0.011494 -0.178161 0.218391 -0.011494 -0.178161 0.206897 -0.022988 -0.166667 0.195402 -0.011494 -0.155172 0.195402 -0.022988 -0.166667 0.218391 -0.022988 -0.155172 0.206897 -0.011494 -0.155172 0.195402 -0.022988 -0.155172 0.206897 
0.149425 -0.281609 0.321839 0.160920 -0.281609 0.321839 0.160920 -0.270115 0.321839 0.160920 -0.270115 0.310345 0.149425 -0.281609 0.321839 0.160920 -0.281609 0.310345 0.160920 -0.281609 0.321839 0.172414 -0.270115 0.321839 0.172414 -0.270115 0.321839 0.160920 -0.270115 0.321839 0.160920 -0.270115 0.310345 0.160920 -0.281609 0.310345 
0.160920 -0.293103 0.390805 0.149425 -0.293103 0.390805 0.149425 -0.293103 0.390805 0.160920 -0.293103 0.379310 0.149425 -0.281609 0.379310 0.149425 -0.281609 0.390805 0.149425 -0.281609 0.379310 0.149425 -0.293103 0.379310 0.160920 -0.293103 0.379310 0.149425 -0.293103 0.379310 0.149425 -0.281609 0.390805 0.160920 -0.293103 0.390805 
-0.252874 -0.281609 0.712644 -0.241379 -0.281609 0.712644 -0.241379 -0.270115 0.712644 -0.252874 -0.281609 0.712644 -0.229885 -0.270115 0.701149 -0.241379 -0.270115 0.701149 -0.241379 -0.281609 0.712644 -0.229885 -0.281609 0.712644 -0.241379 -0.270115 0.712644 -0.241379 -0.270115 0.701149 -0.229885 -0.270115 0.701149 -0.241379 -0.281609 0.701149 -0.241379 -0.281609 0.701149 -0.229885 -0.281609 0.712644 
-0.356322 -0.201149 0.183908 -0.356322 -0.201149 0.172414 -0.356322 -0.201149 0.172414 -0.356322 -0.212644 0.183908 -0.344828 -0.201149 0.172414 -0.356322 -0.201149 0.183908 -0.344828 -0.201149 0.183908 -0.344828 -0.201149 0.172414 -0.344828 -0.201149 0.183908 -0.344828 -0.212644 0.183908 -0.356322 -0.212644 0.183908 -0.344828 -0.212644 0.183908 
-0.103448 0.247126 0.747126 -0.114943 0.247126 0.758621 -0.114943 0.247126 0.747126 -0.126437 0.235632 0.747126 -0.114943 0.235632 0.758621 -0.126437 0.235632 0.747126 -0.114943 0.247126 0.758621 -0.126437 0.235632 0.758621 -0.126437 0.235632 0.758621 -0.114943 0.235632 0.758621 -0.103448 0.247126 0.747126 -0.114943 0.247126 0.747126 
-0.137931 -0.304598 0.367816 -0.126437 -0.304598 0.367816 -0.137931 -0.304598 0.367816 -0.126437 -0.293103 0.367816 -0.126437 -0.293103 0.367816 -0.137931 -0.293103 0.379310 -0.137931 -0.293103 0.379310 -0.126437 -0.293103 0.379310 -0.137931 -0.304598 0.379310 -0.126437 -0.293103 0.379310 -0.114943 -0.316092 0.367816 -0.126437 -0.316092 0.379310 -0.126437 -0.316092 0.367816 -0.114943 -0.316092 0.367816 -0.126437 -0.304598 0.367816 -0.126437 -0.316092 0.367816 -0.137931 -0.304598 0.379310 -0.126437 -0.304598 0.379310 -0.126437 -0.304598 0.379310 -0.126437 -0.316092 0.379310 
0.172414 -0.477011 -0.379310 0.183908 -0.477011 -0.379310 0.183908 -0.488506 -0.390805 0.172414 -0.488506 -0.390805 0.183908 -0.477011 -0.390805 0.172414 -0.477011 -0.390805 0.183908 -0.477011 -0.379310 0.183908 -0.477011 -0.390805 0.172414 -0.488506 -0.390805 0.172414 -0.477011 -0.390805 0.172414 -0.477011 -0.379310 0.183908 -0.488506 -0.379310 0.183908 -0.488506 -0.379310 0.183908 -0.488506 -0.390805 
-0.160920 -0.419540 -0.505747 -0.160920 -0.431034 -0.505747 -0.160920 -0.431034 -0.517241 -0.160920 -0.419540 -0.517241 -0.160920 -0.431034 -0.505747 -0.149425 -0.419540 -0.505747 -0.160920 -0.419540 -0.517241 -0.149425 -0.419540 -0.517241 -0.149425 -0.419540 -0.517241 -0.149425 -0.431034 -0.505747 -0.149425 -0.419540 -0.505747 -0.149425 -0.431034 -0.505747 -0.160920 -0.431034 -0.517241 -0.160920 -0.419540 -0.505747 
-0.229885 0.385057 0.643678 -0.241379 0.385057 0.643678 -0.229885 0.396552 0.643678 -0.229885 0.385057 0.643678 -0.229885 0.396552 0.643678 -0.241379 0.396552 0.632184 -0.241379 0.396552 0.632184 -0.241379 0.396552 0.643678 -0.241379 0.385057 0.643678 -0.241379 0.396552 0.643678 
0.126437 -0.454023 -0.126437 0.137931 -0.454023 -0.126437 0.137931 -0.454023 -0.126437 0.126437 -0.442529 -0.126437 0.126437 -0.454023 -0.091954 0.126437 -0.465517 -0.103448 0.137931 -0.442529 -0.114943 0.149425 -0.442529 -0.103448 0.137931 -0.442529 -0.091954 0.137931 -0.454023 -0.091954 0.137931 -0.442529 -0.103448 0.149425 -0.442529 -0.103448 0.126437 -0.442529 -0.114943 0.126437 -0.442529 -0.126437 0.126437 -0.442529 -0.114943 0.137931 -0.442529 -0.114943 0.126437 -0.454023 -0.114943 0.126437 -0.465517 -0.103448 0.137931 -0.454023 -0.091954 0.126437 -0.454023 -0.091954 0.137931 -0.442529 -0.103448 0.137931 -0.442529 -0.091954 0.126437 -0.454023 -0.114943 0.126437 -0.454023 -0.126437 
-0.149425 -0.465517 -0.931034 -0.137931 -0.465517 -0.919540 -0.137931 -0.454023 -0.931034 -0.149425 -0.465517 -0.931034 -0.149425 -0.454023 -0.919540 -0.137931 -0.454023 -0.931034 -0.137931 -0.454023 -0.919540 -0.149425 -0.454023 -0.919540 -0.137931 -0.454023 -0.919540 -0.137931 -0.465517 -0.919540 
-0.321839 -0.327586 0.678161 -0.321839 -0.327586 0.666667 -0.310345 -0.316092 0.678161 -0.310345 -0.327586 0.678161 -0.310345 -0.316092 0.666667 -0.321839 -0.316092 0.666667 -0.321839 -0.316092 0.666667 -0.310345 -0.316092 0.678161 -0.310345 -0.327586 0.678161 -0.321839 -0.327586 0.678161 -0.321839 -0.327586 0.666667 -0.310345 -0.327586 0.666667 -0.310345 -0.316092 0.666667 -0.310345 -0.327586 0.666667 
-0.321839 -0.281609 0.724138 -0.333333 -0.270115 0.724138 -0.321839 -0.281609 0.712644 -0.321839 -0.270115 0.712644 -0.321839 -0.281609 0.724138 -0.321839 -0.281609 0.712644 -0.321839 -0.270115 0.724138 -0.321839 -0.270115 0.712644 -0.321839 -0.270115 0.724138 -0.333333 -0.270115 0.724138 
0.011494 -0.373563 0.229885 0.011494 -0.385057 0.241379 0.022988 -0.385057 0.229885 0.022988 -0.396552 0.229885 0.022988 -0.396552 0.229885 0.022988 -0.385057 0.241379 0.022988 -0.385057 0.241379 0.011494 -0.385057 0.241379 0.011494 -0.385057 0.229885 0.011494 -0.373563 0.229885 0.022988 -0.385057 0.229885 0.011494 -0.385057 0.229885 
-0.183908 -0.293103 -0.724138 -0.195402 -0.281609 -0.724138 -0.195402 -0.281609 -0.724138 -0.195402 -0.293103 -0.724138 -0.183908 -0.316092 -0.724138 -0.183908 -0.304598 -0.724138 -0.183908 -0.316092 -0.724138 -0.183908 -0.316092 -0.735632 -0.218391 -0.304598 -0.701149 -0.218391 -0.316092 -0.712644 -0.229885 -0.316092 -0.724138 -0.229885 -0.316092 -0.712644 -0.229885 -0.316092 -0.724138 -0.241379 -0.316092 -0.724138 -0.218391 -0.316092 -0.712644 -0.218391 -0.316092 -0.724138 -0.229885 -0.316092 -0.712644 -0.218391 -0.316092 -0.724138 -0.206897 -0.293103 -0.724138 -0.206897 -0.293103 -0.712644 -0.183908 -0.327586 -0.735632 -0.195402 -0.327586 -0.724138 -0.195402 -0.316092 -0.712644 -0.195402 -0.327586 -0.724138 -0.206897 -0.293103 -0.712644 -0.218391 -0.293103 -0.712644 -0.195402 -0.293103 -0.724138 -0.206897 -0.293103 -0.724138 -0.218391 -0.281609 -0.712644 -0.218391 -0.293103 -0.712644 -0.183908 -0.316092 -0.735632 -0.183908 -0.327586 -0.735632 -0.229885 -0.293103 -0.701149 -0.229885 -0.281609 -0.701149 -0.229885 -0.293103 -0.701149 -0.241379 -0.293103 -0.701149 -0.252874 -0.304598 -0.712644 -0.241379 -0.304598 -0.724138 -0.241379 -0.304598 -0.724138 -0.241379 -0.316092 -0.724138 -0.195402 -0.316092 -0.712644 -0.218391 -0.304598 -0.701149 -0.229885 -0.281609 -0.701149 -0.229885 -0.281609 -0.712644 -0.218391 -0.281609 -0.712644 -0.229885 -0.281609 -0.712644 -0.252874 -0.293103 -0.701149 -0.241379 -0.281609 -0.701149 -0.252874 -0.304598 -0.712644 -0.252874 -0.293103 -0.701149 -0.183908 -0.304598 -0.724138 -0.183908 -0.293103 -0.724138 -0.241379 -0.293103 -0.701149 -0.241379 -0.281609 -0.701149 
-0.103448 0.120690 0.873563 -0.091954 0.132184 0.873563 -0.103448 0.132184 0.885057 -0.103448 0.120690 0.885057 -0.103448 0.132184 0.885057 -0.091954 0.132184 0.873563 -0.103448 0.120690 0.885057 -0.103448 0.120690 0.873563 
0.103448 -0.327586 0.425287 0.091954 -0.339080 0.425287 0.114943 -0.327586 0.402299 0.114943 -0.339080 0.402299 0.114943 -0.339080 0.402299 0.103448 -0.327586 0.402299 0.103448 -0.350575 0.413793 0.091954 -0.350575 0.402299 0.091954 -0.350575 0.402299 0.103448 -0.350575 0.402299 0.103448 -0.350575 0.402299 0.091954 -0.339080 0.402299 0.103448 -0.339080 0.402299 0.091954 -0.339080 0.402299 0.114943 -0.327586 0.402299 0.126437 -0.327586 0.413793 0.091954 -0.339080 0.425287 0.103448 -0.339080 0.425287 0.114943 -0.327586 0.413793 0.126437 -0.327586 0.413793 0.114943 -0.327586 0.413793 0.103448 -0.327586 0.425287 0.091954 -0.350575 0.413793 0.091954 -0.339080 0.413793 0.103448 -0.339080 0.413793 0.091954 -0.350575 0.413793 0.103448 -0.350575 0.413793 0.103448 -0.339080 0.413793 0.103448 -0.339080 0.425287 0.091954 -0.339080 0.413793 0.103448 -0.327586 0.402299 0.103448 -0.339080 0.402299 
-0.241379 -0.545977 -0.804598 -0.229885 -0.545977 -0.804598 -0.229885 -0.534483 -0.793103 -0.241379 -0.534483 -0.793103 -0.241379 -0.545977 -0.793103 -0.229885 -0.545977 -0.793103 -0.229885 -0.545977 -0.793103 -0.229885 -0.545977 -0.804598 -0.229885 -0.534483 -0.793103 -0.241379 -0.534483 -0.804598 -0.241379 -0.534483 -0.793103 -0.241379 -0.545977 -0.793103 -0.241379 -0.545977 -0.804598 -0.241379 -0.534483 -0.804598 
-0.321839 -0.362069 -0.885057 -0.333333 -0.362069 -0.885057 -0.321839 -0.350575 -0.885057 -0.321839 -0.362069 -0.885057 -0.310345 -0.350575 -0.873563 -0.321839 -0.350575 -0.873563 -0.333333 -0.362069 -0.885057 -0.321839 -0.362069 -0.873563 -0.321839 -0.350575 -0.873563 -0.310345 -0.362069 -0.873563 -0.321839 -0.350575 -0.885057 -0.310345 -0.350575 -0.873563 -0.321839 -0.362069 -0.873563 -0.310345 -0.362069 -0.873563 
-0.034483 -0.385057 0.218391 -0.045977 -0.373563 0.218391 -0.011494 -0.396552 0.229885 -0.011494 -0.408046 0.229885 -0.011494 -0.408046 0.229885 -0.022988 -0.408046 0.229885 -0.045977 -0.385057 0.229885 -0.045977 -0.385057 0.218391 -0.011494 -0.396552 0.229885 -0.011494 -0.396552 0.241379 -0.022988 -0.385057 0.241379 -0.011494 -0.396552 0.241379 -0.022988 -0.396552 0.218391 -0.022988 -0.408046 0.229885 -0.045977 -0.385057 0.229885 -0.045977 -0.396552 0.241379 -0.034483 -0.385057 0.218391 -0.034483 -0.396552 0.218391 -0.045977 -0.385057 0.218391 -0.045977 -0.373563 0.218391 -0.034483 -0.396552 0.241379 -0.045977 -0.396552 0.241379 -0.034483 -0.396552 0.218391 -0.022988 -0.396552 0.218391 -0.022988 -0.396552 0.241379 -0.034483 -0.396552 0.241379 -0.022988 -0.396552 0.241379 -0.022988 -0.385057 0.241379 
-0.287356 -0.143678 0.597701 -0.298851 -0.143678 0.609195 -0.298851 -0.155172 0.609195 -0.298851 -0.143678 0.609195 -0.298851 -0.155172 0.609195 -0.310345 -0.155172 0.609195 -0.298851 -0.155172 0.597701 -0.287356 -0.143678 0.597701 -0.310345 -0.155172 0.609195 -0.298851 -0.155172 0.597701 
-0.160920 -0.281609 0.195402 -0.149425 -0.281609 0.195402 -0.137931 -0.270115 0.206897 -0.137931 -0.281609 0.206897 -0.137931 -0.281609 0.206897 -0.137931 -0.281609 0.195402 -0.149425 -0.270115 0.206897 -0.137931 -0.270115 0.206897 -0.160920 -0.281609 0.218391 -0.149425 -0.270115 0.218391 -0.160920 -0.281609 0.206897 -0.160920 -0.270115 0.206897 -0.160920 -0.281609 0.218391 -0.160920 -0.270115 0.206897 -0.160920 -0.281609 0.206897 -0.160920 -0.281609 0.195402 -0.137931 -0.293103 0.195402 -0.137931 -0.281609 0.195402 -0.149425 -0.281609 0.195402 -0.137931 -0.293103 0.195402 -0.149425 -0.270115 0.218391 -0.149425 -0.270115 0.206897 
-0.241379 -0.304598 0.689655 -0.252874 -0.293103 0.689655 -0.241379 -0.293103 0.701149 -0.252874 -0.293103 0.701149 -0.252874 -0.293103 0.701149 -0.252874 -0.304598 0.701149 -0.252874 -0.304598 0.689655 -0.241379 -0.304598 0.689655 -0.252874 -0.304598 0.701149 -0.252874 -0.304598 0.689655 -0.252874 -0.293103 0.689655 -0.241379 -0.293103 0.701149 
-0.126437 -0.304598 0.367816 -0.126437 -0.293103 0.367816 -0.126437 -0.293103 0.379310 -0.126437 -0.304598 0.379310 -0.137931 -0.316092 0.367816 -0.126437 -0.316092 0.367816 -0.126437 -0.304598 0.367816 -0.137931 -0.316092 0.367816 -0.126437 -0.293103 0.367816 -0.137931 -0.293103 0.379310 -0.137931 -0.293103 0.379310 -0.126437 -0.293103 0.379310 -0.114943 -0.316092 0.367816 -0.126437 -0.316092 0.379310 -0.126437 -0.316092 0.367816 -0.114943 -0.316092 0.367816 -0.126437 -0.304598 0.379310 -0.126437 -0.316092 0.379310 
-0.183908 0.522989 0.091954 -0.183908 0.534483 0.091954 -0.183908 0.534483 0.114943 -0.195402 0.534483 0.114943 -0.195402 0.522989 0.114943 -0.183908 0.534483 0.114943 -0.183908 0.534483 0.091954 -0.195402 0.534483 0.091954 -0.195402 0.534483 0.091954 -0.183908 0.534483 0.103448 -0.183908 0.545977 0.103448 -0.195402 0.545977 0.103448 -0.183908 0.522989 0.103448 -0.183908 0.522989 0.091954 -0.183908 0.522989 0.103448 -0.195402 0.522989 0.114943 -0.183908 0.545977 0.103448 -0.183908 0.545977 0.114943 -0.195402 0.534483 0.114943 -0.183908 0.545977 0.114943 -0.195402 0.545977 0.103448 -0.183908 0.534483 0.103448 
0.068965 0.373563 -0.103448 0.057471 0.373563 -0.103448 0.057471 0.373563 -0.103448 0.068965 0.373563 -0.091954 0.080460 0.362069 -0.103448 0.068965 0.373563 -0.103448 0.057471 0.373563 -0.091954 0.068965 0.373563 -0.091954 0.068965 0.362069 -0.103448 0.080460 0.362069 -0.103448 0.068965 0.362069 -0.091954 0.057471 0.362069 -0.103448 0.068965 0.362069 -0.103448 0.057471 0.362069 -0.103448 0.068965 0.362069 -0.091954 0.057471 0.373563 -0.091954 
-0.137931 -0.316092 0.367816 -0.126437 -0.316092 0.367816 -0.126437 -0.304598 0.367816 -0.137931 -0.316092 0.367816 -0.137931 -0.304598 0.367816 -0.126437 -0.304598 0.367816 -0.137931 -0.304598 0.367816 -0.126437 -0.293103 0.367816 -0.137931 -0.293103 0.379310 -0.126437 -0.293103 0.379310 -0.126437 -0.293103 0.379310 -0.126437 -0.293103 0.367816 -0.114943 -0.304598 0.379310 -0.126437 -0.316092 0.379310 -0.137931 -0.293103 0.379310 -0.137931 -0.304598 0.379310 -0.114943 -0.316092 0.367816 -0.126437 -0.316092 0.379310 -0.126437 -0.316092 0.367816 -0.114943 -0.316092 0.367816 -0.137931 -0.304598 0.379310 -0.126437 -0.304598 0.379310 -0.126437 -0.304598 0.379310 -0.114943 -0.304598 0.379310 
-0.298851 -0.385057 -0.724138 -0.298851 -0.373563 -0.735632 -0.298851 -0.373563 -0.735632 -0.298851 -0.373563 -0.724138 -0.298851 -0.373563 -0.724138 -0.310345 -0.373563 -0.724138 -0.310345 -0.373563 -0.735632 -0.310345 -0.373563 -0.724138 -0.298851 -0.385057 -0.724138 -0.310345 -0.385057 -0.735632 -0.310345 -0.385057 -0.724138 -0.310345 -0.385057 -0.735632 -0.310345 -0.385057 -0.724138 -0.310345 -0.373563 -0.735632 
0.103448 -0.327586 0.425287 0.091954 -0.339080 0.425287 0.114943 -0.339080 0.402299 0.103448 -0.327586 0.402299 0.114943 -0.327586 0.402299 0.103448 -0.327586 0.402299 0.103448 -0.350575 0.413793 0.103448 -0.350575 0.402299 0.103448 -0.350575 0.402299 0.091954 -0.339080 0.402299 0.103448 -0.339080 0.402299 0.091954 -0.339080 0.402299 0.114943 -0.327586 0.402299 0.126437 -0.327586 0.413793 0.091954 -0.339080 0.425287 0.103448 -0.339080 0.425287 0.114943 -0.327586 0.413793 0.126437 -0.327586 0.413793 0.114943 -0.327586 0.413793 0.103448 -0.327586 0.425287 0.091954 -0.350575 0.413793 0.091954 -0.339080 0.413793 0.114943 -0.339080 0.402299 0.103448 -0.339080 0.402299 0.103448 -0.339080 0.413793 0.091954 -0.350575 0.413793 0.103448 -0.350575 0.413793 0.103448 -0.339080 0.413793 0.103448 -0.339080 0.425287 0.091954 -0.339080 0.413793 
0.126437 -0.454023 -0.091954 0.126437 -0.465517 -0.103448 0.137931 -0.442529 -0.103448 0.149425 -0.442529 -0.103448 0.137931 -0.442529 -0.091954 0.126437 -0.454023 -0.091954 0.126437 -0.442529 -0.114943 0.126437 -0.442529 -0.126437 0.126437 -0.442529 -0.114943 0.137931 -0.442529 -0.114943 0.126437 -0.454023 -0.114943 0.126437 -0.465517 -0.114943 0.137931 -0.442529 -0.114943 0.137931 -0.442529 -0.103448 0.149425 -0.442529 -0.103448 0.137931 -0.442529 -0.091954 0.126437 -0.465517 -0.114943 0.126437 -0.465517 -0.103448 0.126437 -0.454023 -0.114943 0.126437 -0.454023 -0.126437 0.126437 -0.454023 -0.126437 0.126437 -0.442529 -0.126437 
-0.241379 -0.258621 -0.770115 -0.241379 -0.258621 -0.781609 -0.241379 -0.258621 -0.781609 -0.241379 -0.270115 -0.770115 -0.229885 -0.258621 -0.770115 -0.229885 -0.258621 -0.781609 -0.241379 -0.270115 -0.758621 -0.241379 -0.270115 -0.770115 -0.229885 -0.270115 -0.770115 -0.241379 -0.270115 -0.758621 -0.229885 -0.270115 -0.770115 -0.229885 -0.258621 -0.770115 -0.229885 -0.258621 -0.781609 -0.241379 -0.258621 -0.770115 
-0.206897 -0.293103 0.206897 -0.206897 -0.281609 0.206897 -0.206897 -0.281609 0.195402 -0.206897 -0.293103 0.195402 -0.195402 -0.281609 0.206897 -0.195402 -0.293103 0.206897 -0.183908 -0.293103 0.183908 -0.195402 -0.281609 0.183908 -0.195402 -0.281609 0.183908 -0.183908 -0.281609 0.183908 -0.183908 -0.281609 0.195402 -0.195402 -0.281609 0.206897 -0.195402 -0.293103 0.183908 -0.195402 -0.304598 0.183908 -0.195402 -0.304598 0.183908 -0.206897 -0.293103 0.183908 -0.183908 -0.293103 0.195402 -0.183908 -0.281609 0.195402 -0.206897 -0.293103 0.195402 -0.206897 -0.281609 0.206897 -0.195402 -0.293103 0.183908 -0.183908 -0.293103 0.183908 -0.206897 -0.293103 0.183908 -0.206897 -0.281609 0.195402 -0.183908 -0.293103 0.195402 -0.183908 -0.281609 0.183908 -0.206897 -0.293103 0.206897 -0.195402 -0.293103 0.206897 
-0.275862 -0.166667 -0.471264 -0.275862 -0.155172 -0.459770 -0.275862 -0.166667 -0.459770 -0.275862 -0.166667 -0.471264 -0.287356 -0.155172 -0.471264 -0.287356 -0.166667 -0.482759 -0.287356 -0.155172 -0.471264 -0.275862 -0.155172 -0.471264 -0.275862 -0.155172 -0.459770 -0.275862 -0.155172 -0.471264 -0.287356 -0.166667 -0.471264 -0.287356 -0.166667 -0.482759 -0.287356 -0.166667 -0.471264 -0.275862 -0.166667 -0.459770 
0.000000 -0.373563 0.195402 -0.011494 -0.362069 0.195402 0.000000 -0.362069 0.195402 0.000000 -0.373563 0.195402 0.000000 -0.362069 0.195402 0.000000 -0.362069 0.206897 -0.011494 -0.362069 0.195402 -0.011494 -0.373563 0.195402 -0.011494 -0.373563 0.195402 -0.011494 -0.362069 0.206897 -0.011494 -0.362069 0.206897 -0.011494 -0.350575 0.206897 -0.011494 -0.350575 0.206897 0.000000 -0.362069 0.206897 
-0.310345 -0.235632 0.770115 -0.321839 -0.235632 0.770115 -0.321839 -0.235632 0.758621 -0.310345 -0.235632 0.758621 -0.321839 -0.235632 0.770115 -0.310345 -0.235632 0.758621 -0.321839 -0.247126 0.758621 -0.321839 -0.235632 0.758621 -0.333333 -0.247126 0.758621 -0.321839 -0.247126 0.758621 -0.321839 -0.247126 0.770115 -0.333333 -0.247126 0.758621 -0.310345 -0.235632 0.770115 -0.321839 -0.247126 0.770115 
-0.310345 -0.166667 -0.701149 -0.321839 -0.166667 -0.689655 -0.321839 -0.166667 -0.689655 -0.310345 -0.166667 -0.689655 -0.310345 -0.178161 -0.701149 -0.321839 -0.178161 -0.701149 -0.321839 -0.178161 -0.701149 -0.310345 -0.166667 -0.701149 -0.310345 -0.178161 -0.689655 -0.310345 -0.178161 -0.701149 -0.310345 -0.178161 -0.689655 -0.310345 -0.166667 -0.689655 
-0.034483 -0.408046 0.206897 -0.045977 -0.408046 0.206897 -0.057471 -0.442529 0.229885 -0.068965 -0.442529 0.229885 -0.034483 -0.442529 0.206897 -0.022988 -0.431034 0.218391 -0.022988 -0.431034 0.218391 -0.034483 -0.419540 0.218391 -0.057471 -0.408046 0.206897 -0.045977 -0.408046 0.206897 -0.034483 -0.419540 0.206897 -0.034483 -0.408046 0.206897 -0.057471 -0.396552 0.218391 -0.057471 -0.396552 0.206897 -0.057471 -0.431034 0.229885 -0.057471 -0.419540 0.229885 -0.057471 -0.396552 0.206897 -0.057471 -0.408046 0.206897 -0.034483 -0.442529 0.206897 -0.045977 -0.442529 0.218391 -0.034483 -0.431034 0.218391 -0.034483 -0.419540 0.206897 -0.034483 -0.419540 0.218391 -0.034483 -0.431034 0.218391 -0.045977 -0.396552 0.229885 -0.057471 -0.396552 0.218391 -0.045977 -0.396552 0.229885 -0.057471 -0.408046 0.229885 -0.057471 -0.408046 0.229885 -0.057471 -0.419540 0.229885 -0.068965 -0.442529 0.229885 -0.057471 -0.431034 0.229885 -0.057471 -0.442529 0.229885 -0.045977 -0.442529 0.218391 
0.022988 -0.373563 0.241379 0.022988 -0.373563 0.252874 0.022988 -0.373563 0.252874 0.011494 -0.373563 0.241379 0.011494 -0.339080 0.218391 0.011494 -0.327586 0.229885 0.034483 -0.362069 0.218391 0.022988 -0.373563 0.218391 0.022988 -0.350575 0.218391 0.011494 -0.350575 0.218391 0.022988 -0.373563 0.229885 0.022988 -0.373563 0.241379 0.000000 -0.350575 0.241379 0.011494 -0.362069 0.241379 0.022988 -0.373563 0.218391 0.034483 -0.373563 0.218391 0.000000 -0.339080 0.241379 0.011494 -0.327586 0.241379 0.011494 -0.362069 0.241379 0.000000 -0.362069 0.241379 0.000000 -0.362069 0.241379 0.011494 -0.373563 0.241379 0.011494 -0.339080 0.241379 0.000000 -0.339080 0.241379 0.011494 -0.339080 0.241379 0.011494 -0.350575 0.252874 0.011494 -0.350575 0.241379 0.000000 -0.350575 0.241379 0.011494 -0.350575 0.252874 0.011494 -0.350575 0.241379 0.011494 -0.350575 0.229885 0.011494 -0.339080 0.218391 0.011494 -0.350575 0.218391 0.011494 -0.350575 0.229885 0.011494 -0.327586 0.241379 0.011494 -0.327586 0.229885 0.022988 -0.362069 0.218391 0.034483 -0.362069 0.218391 0.011494 -0.362069 0.218391 0.022988 -0.350575 0.218391 0.022988 -0.362069 0.218391 0.011494 -0.362069 0.218391 0.034483 -0.373563 0.218391 0.022988 -0.373563 0.229885 
-0.298851 0.522989 0.275862 -0.298851 0.511494 0.275862 -0.298851 0.511494 0.275862 -0.287356 0.511494 0.275862 -0.287356 0.511494 0.264368 -0.298851 0.511494 0.264368 -0.310345 0.522989 0.264368 -0.298851 0.522989 0.264368 -0.298851 0.522989 0.275862 -0.310345 0.522989 0.264368 -0.298851 0.522989 0.264368 -0.287356 0.511494 0.264368 -0.298851 0.511494 0.264368 -0.287356 0.511494 0.275862 
-0.057471 0.327586 0.482759 -0.057471 0.327586 0.494253 -0.057471 0.350575 0.494253 -0.057471 0.339080 0.494253 -0.057471 0.339080 0.482759 -0.057471 0.350575 0.494253 -0.068965 0.327586 0.482759 -0.057471 0.327586 0.482759 -0.057471 0.339080 0.505747 -0.057471 0.327586 0.505747 -0.068965 0.327586 0.505747 -0.057471 0.327586 0.494253 -0.057471 0.327586 0.505747 -0.068965 0.327586 0.505747 -0.057471 0.339080 0.494253 -0.045977 0.339080 0.494253 -0.057471 0.339080 0.482759 -0.068965 0.327586 0.482759 -0.045977 0.339080 0.494253 -0.057471 0.339080 0.505747 
-0.172414 -0.442529 -0.919540 -0.172414 -0.431034 -0.908046 -0.183908 -0.431034 -0.919540 -0.183908 -0.431034 -0.908046 -0.195402 -0.442529 -0.919540 -0.195402 -0.454023 -0.919540 -0.183908 -0.442529 -0.919540 -0.195402 -0.442529 -0.919540 -0.183908 -0.454023 -0.919540 -0.183908 -0.442529 -0.919540 -0.172414 -0.431034 -0.908046 -0.172414 -0.431034 -0.919540 -0.206897 -0.454023 -0.919540 -0.195402 -0.454023 -0.919540 -0.195402 -0.442529 -0.931034 -0.206897 -0.442529 -0.931034 -0.195402 -0.431034 -0.919540 -0.183908 -0.442529 -0.919540 -0.172414 -0.442529 -0.919540 -0.183908 -0.454023 -0.919540 -0.183908 -0.431034 -0.908046 -0.183908 -0.442529 -0.919540 -0.195402 -0.454023 -0.931034 -0.206897 -0.454023 -0.919540 -0.195402 -0.431034 -0.931034 -0.195402 -0.431034 -0.919540 -0.206897 -0.442529 -0.931034 -0.195402 -0.454023 -0.931034 -0.172414 -0.431034 -0.919540 -0.183908 -0.431034 -0.919540 -0.195402 -0.442529 -0.931034 -0.195402 -0.431034 -0.931034 
0.252874 -0.373563 0.195402 0.252874 -0.362069 0.195402 0.252874 -0.373563 0.206897 0.241379 -0.362069 0.206897 0.241379 -0.362069 0.206897 0.252874 -0.362069 0.206897 0.241379 -0.362069 0.195402 0.252874 -0.362069 0.195402 0.252874 -0.373563 0.195402 0.241379 -0.373563 0.195402 0.241379 -0.362069 0.195402 0.252874 -0.362069 0.206897 0.252874 -0.373563 0.206897 0.241379 -0.373563 0.195402 
-0.022988 -0.132184 0.689655 -0.011494 -0.132184 0.689655 -0.011494 -0.120690 0.689655 -0.022988 -0.132184 0.689655 -0.011494 -0.132184 0.678161 -0.022988 -0.132184 0.678161 -0.022988 -0.120690 0.678161 -0.011494 -0.132184 0.678161 -0.011494 -0.132184 0.689655 -0.022988 -0.132184 0.678161 -0.022988 -0.120690 0.678161 -0.022988 -0.120690 0.689655 -0.011494 -0.120690 0.689655 -0.022988 -0.120690 0.689655 
-0.195402 -0.477011 -0.931034 -0.206897 -0.477011 -0.919540 -0.195402 -0.465517 -0.908046 -0.206897 -0.465517 -0.919540 -0.195402 -0.477011 -0.931034 -0.195402 -0.465517 -0.931034 -0.206897 -0.477011 -0.908046 -0.195402 -0.477011 -0.908046 -0.206897 -0.465517 -0.919540 -0.195402 -0.465517 -0.931034 -0.206897 -0.477011 -0.908046 -0.195402 -0.465517 -0.908046 -0.195402 -0.477011 -0.919540 -0.195402 -0.488506 -0.919540 -0.195402 -0.477011 -0.908046 -0.195402 -0.488506 -0.919540 -0.206897 -0.477011 -0.919540 -0.195402 -0.477011 -0.919540 
-0.298851 0.534483 -0.045977 -0.298851 0.522989 -0.045977 -0.310345 0.522989 -0.034483 -0.310345 0.522989 -0.045977 -0.310345 0.522989 -0.045977 -0.310345 0.534483 -0.045977 -0.298851 0.522989 -0.045977 -0.310345 0.522989 -0.034483 -0.310345 0.545977 -0.045977 -0.310345 0.545977 -0.034483 -0.310345 0.545977 -0.034483 -0.298851 0.545977 -0.045977 -0.310345 0.534483 -0.045977 -0.310345 0.545977 -0.045977 -0.298851 0.545977 -0.045977 -0.298851 0.545977 -0.034483 -0.298851 0.534483 -0.045977 -0.298851 0.545977 -0.034483 
-0.218391 -0.247126 -0.712644 -0.218391 -0.247126 -0.724138 -0.241379 -0.258621 -0.701149 -0.229885 -0.258621 -0.701149 -0.229885 -0.258621 -0.701149 -0.229885 -0.258621 -0.712644 -0.229885 -0.235632 -0.701149 -0.241379 -0.235632 -0.701149 -0.229885 -0.258621 -0.712644 -0.229885 -0.247126 -0.701149 -0.229885 -0.235632 -0.712644 -0.229885 -0.235632 -0.701149 -0.218391 -0.235632 -0.712644 -0.229885 -0.235632 -0.712644 -0.218391 -0.247126 -0.724138 -0.218391 -0.235632 -0.712644 -0.218391 -0.247126 -0.712644 -0.229885 -0.247126 -0.701149 -0.241379 -0.247126 -0.701149 -0.241379 -0.235632 -0.701149 -0.241379 -0.247126 -0.701149 -0.252874 -0.247126 -0.701149 -0.252874 -0.247126 -0.701149 -0.241379 -0.258621 -0.701149 
0.206897 0.235632 -0.149425 0.206897 0.247126 -0.160920 0.195402 0.247126 -0.160920 0.206897 0.235632 -0.172414 0.206897 0.235632 -0.149425 0.218391 0.224138 -0.149425 0.195402 0.258621 -0.149425 0.206897 0.258621 -0.137931 0.206897 0.258621 -0.137931 0.206897 0.258621 -0.149425 0.206897 0.247126 -0.160920 0.195402 0.235632 -0.149425 0.218391 0.224138 -0.149425 0.206897 0.224138 -0.149425 0.195402 0.258621 -0.160920 0.206897 0.258621 -0.160920 0.206897 0.258621 -0.160920 0.195402 0.247126 -0.160920 0.206897 0.258621 -0.149425 0.206897 0.247126 -0.149425 0.195402 0.235632 -0.149425 0.195402 0.247126 -0.149425 0.206897 0.247126 -0.149425 0.195402 0.247126 -0.149425 0.195402 0.258621 -0.160920 0.195402 0.258621 -0.149425 0.195402 0.224138 -0.149425 0.206897 0.224138 -0.160920 0.206897 0.224138 -0.149425 0.195402 0.224138 -0.149425 0.206897 0.224138 -0.160920 0.206897 0.235632 -0.172414 
-0.218391 -0.293103 0.655172 -0.229885 -0.281609 0.655172 -0.241379 -0.293103 0.689655 -0.241379 -0.304598 0.678161 -0.241379 -0.293103 0.689655 -0.241379 -0.293103 0.678161 -0.229885 -0.304598 0.666667 -0.241379 -0.304598 0.666667 -0.229885 -0.293103 0.666667 -0.229885 -0.304598 0.666667 -0.229885 -0.270115 0.678161 -0.229885 -0.270115 0.666667 -0.229885 -0.293103 0.666667 -0.218391 -0.293103 0.655172 -0.229885 -0.270115 0.678161 -0.229885 -0.281609 0.678161 -0.229885 -0.281609 0.655172 -0.218391 -0.281609 0.666667 -0.229885 -0.281609 0.666667 -0.229885 -0.270115 0.666667 -0.241379 -0.304598 0.678161 -0.241379 -0.304598 0.666667 -0.218391 -0.281609 0.666667 -0.229885 -0.281609 0.666667 -0.229885 -0.281609 0.678161 -0.241379 -0.293103 0.678161 
-0.114943 -0.362069 0.022988 -0.114943 -0.350575 0.022988 -0.114943 -0.362069 0.022988 -0.126437 -0.362069 0.022988 -0.114943 -0.362069 0.034483 -0.114943 -0.350575 0.034483 -0.126437 -0.362069 0.034483 -0.114943 -0.350575 0.034483 -0.103448 -0.362069 0.022988 -0.103448 -0.362069 0.034483 -0.103448 -0.362069 0.022988 -0.103448 -0.350575 0.022988 -0.126437 -0.362069 0.022988 -0.126437 -0.362069 0.034483 -0.103448 -0.362069 0.034483 -0.114943 -0.362069 0.034483 -0.114943 -0.350575 0.022988 -0.103448 -0.350575 0.022988 
-0.321839 -0.431034 -0.827586 -0.321839 -0.442529 -0.827586 -0.310345 -0.454023 -0.839080 -0.316140 -0.448489 -0.833381 -0.310345 -0.442529 -0.839080 -0.310345 -0.454023 -0.839080 -0.321839 -0.465517 -0.850575 -0.321839 -0.454023 -0.839080 -0.298851 -0.465517 -0.827586 -0.310345 -0.465517 -0.827586 -0.321839 -0.477011 -0.850575 -0.321839 -0.465517 -0.839080 -0.321839 -0.465517 -0.850575 -0.321839 -0.477011 -0.850575 -0.298851 -0.465517 -0.839080 -0.298851 -0.465517 -0.827586 -0.298851 -0.477011 -0.839080 -0.310345 -0.477011 -0.839080 -0.298851 -0.477011 -0.850575 -0.298851 -0.477011 -0.839080 -0.321839 -0.465517 -0.839080 -0.321839 -0.477011 -0.839080 -0.310345 -0.477011 -0.839080 -0.321839 -0.477011 -0.839080 -0.287356 -0.454023 -0.862069 -0.287356 -0.454023 -0.850575 -0.287356 -0.465517 -0.850575 -0.287356 -0.454023 -0.862069 -0.298851 -0.465517 -0.839080 -0.287356 -0.465517 -0.839080 -0.287356 -0.465517 -0.862069 -0.287356 -0.465517 -0.850575 -0.298851 -0.477011 -0.862069 -0.287356 -0.477011 -0.850575 -0.287356 -0.477011 -0.850575 -0.298851 -0.477011 -0.850575 -0.287356 -0.465517 -0.862069 -0.298851 -0.477011 -0.862069 -0.298851 -0.454023 -0.827586 -0.310345 -0.465517 -0.827586 -0.287356 -0.465517 -0.839080 -0.287356 -0.454023 -0.850575 -0.310345 -0.442529 -0.827586 -0.310345 -0.454023 -0.827586 -0.310345 -0.442529 -0.816092 -0.310345 -0.442529 -0.827586 -0.310345 -0.442529 -0.816092 -0.310345 -0.431034 -0.816092 -0.310345 -0.454023 -0.827586 -0.298851 -0.454023 -0.827586 -0.321839 -0.442529 -0.827586 -0.316140 -0.448489 -0.833381 -0.310345 -0.431034 -0.816092 -0.321839 -0.431034 -0.827586 -0.310345 -0.442529 -0.839080 -0.321839 -0.454023 -0.839080 
-0.287356 -0.500000 -0.942529 -0.275862 -0.500000 -0.954023 -0.287356 -0.500000 -0.954023 -0.287356 -0.500000 -0.942529 -0.275862 -0.500000 -0.942529 -0.275862 -0.511494 -0.942529 -0.275862 -0.500000 -0.942529 -0.275862 -0.500000 -0.954023 -0.287356 -0.511494 -0.942529 -0.275862 -0.511494 -0.942529 -0.287356 -0.500000 -0.954023 -0.287356 -0.511494 -0.942529 
-0.172414 -0.281609 0.149425 -0.160920 -0.281609 0.149425 -0.172414 -0.270115 0.149425 -0.172414 -0.270115 0.137931 -0.172414 -0.270115 0.137931 -0.160920 -0.270115 0.137931 -0.160920 -0.270115 0.137931 -0.172414 -0.281609 0.137931 -0.172414 -0.270115 0.149425 -0.172414 -0.281609 0.149425 -0.160920 -0.281609 0.149425 -0.172414 -0.281609 0.137931 
-0.022988 -0.419540 0.287356 -0.022988 -0.419540 0.275862 -0.022988 -0.419540 0.275862 -0.022988 -0.431034 0.287356 -0.022988 -0.419540 0.287356 -0.011494 -0.419540 0.275862 -0.011494 -0.431034 0.275862 -0.011494 -0.419540 0.287356 -0.011494 -0.431034 0.287356 -0.011494 -0.431034 0.275862 -0.022988 -0.431034 0.287356 -0.022988 -0.431034 0.275862 -0.011494 -0.431034 0.287356 -0.022988 -0.431034 0.275862 -0.011494 -0.419540 0.287356 -0.011494 -0.419540 0.275862 
-0.080460 -0.500000 0.310345 -0.068965 -0.500000 0.310345 -0.080460 -0.511494 0.321839 -0.068965 -0.511494 0.321839 -0.068965 -0.500000 0.310345 -0.080460 -0.511494 0.310345 -0.080460 -0.500000 0.321839 -0.080460 -0.511494 0.321839 -0.080460 -0.500000 0.310345 -0.080460 -0.500000 0.321839 -0.080460 -0.511494 0.310345 -0.068965 -0.511494 0.321839 
-0.080460 -0.028736 -0.850575 -0.091954 -0.028736 -0.850575 -0.080460 -0.017241 -0.850575 -0.091954 -0.028736 -0.850575 -0.080460 -0.028736 -0.839080 -0.091954 -0.028736 -0.839080 -0.091954 -0.028736 -0.839080 -0.091954 -0.028736 -0.827586 -0.091954 -0.017241 -0.827586 -0.080460 -0.017241 -0.839080 -0.080460 -0.017241 -0.827586 -0.091954 -0.017241 -0.827586 -0.080460 -0.017241 -0.839080 -0.080460 -0.017241 -0.850575 -0.080460 -0.028736 -0.850575 -0.080460 -0.028736 -0.839080 -0.080460 -0.028736 -0.827586 -0.091954 -0.028736 -0.827586 -0.080460 -0.028736 -0.827586 -0.080460 -0.017241 -0.827586 
-0.034483 -0.120690 0.655172 -0.034483 -0.120690 0.643678 -0.045977 -0.132184 0.655172 -0.045977 -0.132184 0.643678 -0.045977 -0.132184 0.643678 -0.034483 -0.132184 0.643678 -0.034483 -0.132184 0.643678 -0.034483 -0.120690 0.643678 -0.045977 -0.120690 0.643678 -0.034483 -0.120690 0.655172 -0.045977 -0.120690 0.643678 -0.045977 -0.132184 0.655172 
-0.229885 -0.235632 0.758621 -0.229885 -0.235632 0.747126 -0.241379 -0.235632 0.747126 -0.229885 -0.235632 0.747126 -0.229885 -0.224138 0.747126 -0.218391 -0.224138 0.747126 -0.229885 -0.235632 0.758621 -0.241379 -0.235632 0.758621 -0.241379 -0.235632 0.758621 -0.229885 -0.224138 0.758621 -0.241379 -0.235632 0.747126 -0.229885 -0.224138 0.747126 -0.218391 -0.224138 0.747126 -0.229885 -0.224138 0.758621 
-0.218391 -0.293103 -0.770115 -0.206897 -0.293103 -0.758621 -0.206897 -0.293103 -0.758621 -0.206897 -0.293103 -0.770115 -0.206897 -0.293103 -0.770115 -0.206897 -0.293103 -0.781609 -0.206897 -0.304598 -0.781609 -0.206897 -0.304598 -0.770115 -0.218391 -0.304598 -0.770115 -0.218391 -0.304598 -0.781609 -0.206897 -0.304598 -0.781609 -0.218391 -0.304598 -0.770115 -0.218391 -0.304598 -0.781609 -0.218391 -0.293103 -0.770115 -0.206897 -0.304598 -0.770115 -0.206897 -0.293103 -0.781609 
0.172414 -0.247126 0.344828 0.183908 -0.247126 0.333333 0.183908 -0.247126 0.333333 0.172414 -0.247126 0.333333 0.160920 -0.258621 0.321839 0.172414 -0.247126 0.321839 0.172414 -0.258621 0.321839 0.160920 -0.258621 0.321839 0.160920 -0.258621 0.333333 0.172414 -0.258621 0.344828 0.160920 -0.258621 0.333333 0.172414 -0.258621 0.333333 0.183908 -0.247126 0.344828 0.172414 -0.247126 0.344828 0.172414 -0.258621 0.344828 0.183908 -0.247126 0.344828 0.172414 -0.247126 0.321839 0.172414 -0.247126 0.333333 0.172414 -0.258621 0.321839 0.172414 -0.258621 0.333333 
0.114943 -0.327586 0.402299 0.114943 -0.339080 0.402299 0.103448 -0.350575 0.413793 0.091954 -0.350575 0.402299 0.091954 -0.350575 0.402299 0.103448 -0.350575 0.402299 0.103448 -0.339080 0.402299 0.103448 -0.350575 0.402299 0.114943 -0.327586 0.402299 0.126437 -0.327586 0.413793 0.114943 -0.327586 0.413793 0.126437 -0.327586 0.413793 0.114943 -0.327586 0.413793 0.103448 -0.327586 0.425287 0.114943 -0.339080 0.402299 0.103448 -0.339080 0.402299 0.103448 -0.350575 0.413793 0.103448 -0.339080 0.413793 0.103448 -0.339080 0.425287 0.091954 -0.339080 0.413793 0.091954 -0.339080 0.413793 0.103448 -0.339080 0.413793 0.103448 -0.327586 0.425287 0.103448 -0.339080 0.425287 
-0.068965 -0.316092 -0.068965 -0.068965 -0.327586 -0.080460 -0.068965 -0.327586 -0.080460 -0.068965 -0.327586 -0.068965 -0.057471 -0.304598 -0.057471 -0.045977 -0.304598 -0.068965 -0.045977 -0.304598 -0.068965 -0.057471 -0.304598 -0.068965 -0.057471 -0.327586 -0.057471 -0.045977 -0.316092 -0.057471 -0.045977 -0.316092 -0.057471 -0.057471 -0.316092 -0.057471 -0.045977 -0.316092 -0.091954 -0.057471 -0.316092 -0.091954 -0.068965 -0.327586 -0.057471 -0.057471 -0.327586 -0.057471 -0.045977 -0.316092 -0.091954 -0.057471 -0.327586 -0.080460 -0.068965 -0.316092 -0.080460 -0.057471 -0.316092 -0.080460 -0.068965 -0.327586 -0.057471 -0.057471 -0.327586 -0.068965 -0.057471 -0.316092 -0.091954 -0.057471 -0.304598 -0.091954 -0.057471 -0.327586 -0.080460 -0.057471 -0.316092 -0.080460 -0.057471 -0.327586 -0.068965 -0.068965 -0.327586 -0.068965 -0.068965 -0.316092 -0.068965 -0.068965 -0.316092 -0.080460 -0.057471 -0.304598 -0.057471 -0.057471 -0.316092 -0.057471 -0.057471 -0.304598 -0.080460 -0.045977 -0.304598 -0.080460 -0.045977 -0.304598 -0.080460 -0.057471 -0.304598 -0.091954 -0.057471 -0.304598 -0.080460 -0.057471 -0.304598 -0.068965 
-0.275862 0.028736 0.954023 -0.287356 0.028736 0.954023 -0.275862 0.017241 0.942529 -0.264368 0.017241 0.942529 -0.275862 0.028736 0.942529 -0.264368 0.017241 0.942529 -0.264368 0.017241 0.931034 -0.275862 0.017241 0.942529 -0.264368 0.005747 0.931034 -0.275862 -0.005747 0.931034 -0.298851 0.005747 0.977011 -0.298851 -0.005747 0.965517 -0.298851 0.017241 0.965517 -0.298851 0.005747 0.965517 -0.287356 -0.005747 0.954023 -0.275862 -0.005747 0.954023 -0.287356 0.028736 0.954023 -0.287356 0.028736 0.965517 -0.264368 -0.017241 0.931034 -0.264368 -0.017241 0.942529 -0.287356 0.017241 0.965517 -0.298851 0.017241 0.965517 -0.287356 0.017241 0.965517 -0.287356 0.028736 0.965517 -0.287356 -0.005747 0.954023 -0.298851 -0.005747 0.965517 -0.275862 -0.017241 0.942529 -0.275862 -0.005747 0.942529 -0.275862 -0.005747 0.931034 -0.275862 -0.005747 0.942529 -0.275862 -0.005747 0.954023 -0.275862 -0.005747 0.942529 -0.275862 -0.005747 0.942529 -0.264368 -0.005747 0.942529 -0.264368 -0.005747 0.942529 -0.264368 -0.017241 0.942529 -0.252874 -0.017241 0.942529 -0.264368 -0.017241 0.931034 -0.275862 -0.017241 0.954023 -0.275862 -0.017241 0.942529 -0.252874 -0.028736 0.954023 -0.264368 -0.017241 0.954023 -0.275862 -0.017241 0.954023 -0.264368 -0.017241 0.954023 -0.275862 0.005747 0.931034 -0.264368 0.017241 0.931034 -0.298851 0.005747 0.965517 -0.298851 0.005747 0.977011 -0.264368 0.028736 0.954023 -0.275862 0.028736 0.954023 -0.275862 0.028736 0.942529 -0.264368 0.028736 0.954023 -0.264368 0.005747 0.931034 -0.275862 0.005747 0.931034 -0.252874 -0.028736 0.954023 -0.252874 -0.017241 0.954023 -0.252874 -0.017241 0.942529 -0.252874 -0.017241 0.954023 
-0.229885 -0.431034 -0.885057 -0.229885 -0.408046 -0.873563 -0.218391 -0.396552 -0.885057 -0.218391 -0.385057 -0.885057 -0.218391 -0.465517 -0.896552 -0.206897 -0.465517 -0.908046 -0.206897 -0.419540 -0.919540 -0.218391 -0.419540 -0.919540 -0.218391 -0.408046 -0.919540 -0.206897 -0.419540 -0.919540 -0.229885 -0.431034 -0.885057 -0.229885 -0.419540 -0.885057 -0.218391 -0.442529 -0.896552 -0.229885 -0.431034 -0.896552 -0.218391 -0.431034 -0.885057 -0.218391 -0.431034 -0.896552 -0.218391 -0.431034 -0.896552 -0.218391 -0.442529 -0.896552 -0.206897 -0.431034 -0.931034 -0.206897 -0.442529 -0.931034 -0.241379 -0.408046 -0.873563 -0.241379 -0.396552 -0.873563 -0.241379 -0.396552 -0.873563 -0.229885 -0.396552 -0.873563 -0.229885 -0.396552 -0.873563 -0.229885 -0.385057 -0.873563 -0.229885 -0.431034 -0.908046 -0.241379 -0.442529 -0.908046 -0.229885 -0.431034 -0.896552 -0.229885 -0.431034 -0.908046 -0.241379 -0.442529 -0.908046 -0.229885 -0.442529 -0.908046 -0.218391 -0.408046 -0.896552 -0.218391 -0.396552 -0.896552 -0.218391 -0.396552 -0.896552 -0.218391 -0.396552 -0.885057 -0.218391 -0.454023 -0.896552 -0.218391 -0.465517 -0.896552 -0.229885 -0.454023 -0.908046 -0.229885 -0.442529 -0.908046 -0.206897 -0.408046 -0.908046 -0.218391 -0.408046 -0.896552 -0.229885 -0.454023 -0.908046 -0.218391 -0.454023 -0.896552 -0.229885 -0.385057 -0.885057 -0.218391 -0.385057 -0.885057 -0.218391 -0.419540 -0.919540 -0.206897 -0.431034 -0.919540 -0.206897 -0.454023 -0.896552 -0.206897 -0.465517 -0.908046 -0.206897 -0.454023 -0.908046 -0.206897 -0.454023 -0.896552 -0.206897 -0.408046 -0.908046 -0.218391 -0.408046 -0.908046 -0.218391 -0.419540 -0.885057 -0.218391 -0.431034 -0.885057 -0.206897 -0.431034 -0.931034 -0.206897 -0.431034 -0.919540 -0.229885 -0.419540 -0.885057 -0.218391 -0.419540 -0.885057 -0.229885 -0.385057 -0.873563 -0.229885 -0.385057 -0.885057 -0.195402 -0.442529 -0.931034 -0.206897 -0.442529 -0.931034 -0.195402 -0.454023 -0.931034 -0.195402 -0.454023 -0.919540 -0.195402 -0.454023 -0.931034 -0.195402 -0.442529 -0.931034 -0.195402 -0.454023 -0.919540 -0.206897 -0.454023 -0.908046 -0.241379 -0.408046 -0.873563 -0.229885 -0.408046 -0.873563 -0.218391 -0.408046 -0.908046 -0.218391 -0.408046 -0.919540 
-0.275862 -0.442529 -0.850575 -0.264368 -0.431034 -0.850575 -0.333333 -0.454023 -0.873563 -0.333333 -0.465517 -0.885057 -0.264368 -0.431034 -0.850575 -0.264368 -0.419540 -0.839080 -0.264368 -0.419540 -0.839080 -0.264368 -0.419540 -0.850575 -0.310345 -0.454023 -0.827586 -0.310345 -0.442529 -0.839080 -0.333333 -0.477011 -0.873563 -0.321839 -0.477011 -0.873563 -0.321839 -0.454023 -0.839080 -0.321839 -0.454023 -0.850575 -0.310345 -0.465517 -0.839080 -0.310345 -0.465517 -0.827586 -0.321839 -0.477011 -0.850575 -0.321839 -0.477011 -0.862069 -0.310345 -0.465517 -0.839080 -0.298851 -0.465517 -0.839080 -0.310345 -0.465517 -0.827586 -0.310345 -0.454023 -0.827586 -0.321839 -0.477011 -0.873563 -0.333333 -0.477011 -0.862069 -0.321839 -0.477011 -0.850575 -0.333333 -0.477011 -0.862069 -0.321839 -0.477011 -0.862069 -0.310345 -0.477011 -0.850575 -0.333333 -0.465517 -0.885057 -0.333333 -0.477011 -0.873563 -0.310345 -0.477011 -0.862069 -0.310345 -0.477011 -0.850575 -0.298851 -0.477011 -0.862069 -0.310345 -0.477011 -0.862069 -0.264368 -0.454023 -0.839080 -0.264368 -0.442529 -0.839080 -0.287356 -0.477011 -0.839080 -0.298851 -0.465517 -0.839080 -0.287356 -0.465517 -0.816092 -0.275862 -0.454023 -0.816092 -0.264368 -0.419540 -0.850575 -0.275862 -0.419540 -0.850575 -0.275862 -0.442529 -0.862069 -0.275862 -0.431034 -0.862069 -0.298851 -0.465517 -0.873563 -0.298851 -0.465517 -0.862069 -0.298851 -0.477011 -0.862069 -0.298851 -0.465517 -0.862069 -0.275862 -0.442529 -0.850575 -0.264368 -0.442529 -0.839080 -0.287356 -0.477011 -0.839080 -0.287356 -0.465517 -0.816092 -0.275862 -0.419540 -0.850575 -0.287356 -0.419540 -0.850575 -0.287356 -0.454023 -0.873563 -0.298851 -0.465517 -0.873563 -0.321839 -0.454023 -0.850575 -0.321839 -0.454023 -0.862069 -0.321839 -0.454023 -0.862069 -0.321839 -0.465517 -0.862069 -0.321839 -0.465517 -0.862069 -0.333333 -0.454023 -0.862069 -0.287356 -0.454023 -0.873563 -0.275862 -0.442529 -0.862069 -0.264368 -0.431034 -0.827586 -0.264368 -0.442529 -0.827586 -0.264368 -0.442529 -0.816092 -0.264368 -0.431034 -0.827586 -0.264368 -0.442529 -0.816092 -0.264368 -0.454023 -0.816092 -0.264368 -0.442529 -0.827586 -0.264368 -0.454023 -0.839080 -0.275862 -0.454023 -0.839080 -0.275862 -0.465517 -0.827586 -0.275862 -0.454023 -0.839080 -0.275862 -0.454023 -0.827586 -0.275862 -0.431034 -0.862069 -0.275862 -0.419540 -0.862069 -0.264368 -0.454023 -0.816092 -0.275862 -0.454023 -0.827586 -0.275862 -0.465517 -0.827586 -0.275862 -0.454023 -0.816092 -0.275862 -0.419540 -0.862069 -0.287356 -0.419540 -0.850575 -0.333333 -0.454023 -0.873563 -0.333333 -0.454023 -0.862069 -0.310345 -0.442529 -0.839080 -0.321839 -0.454023 -0.839080 
0.080460 -0.373563 -0.045977 0.091954 -0.373563 -0.045977 0.114943 -0.442529 -0.080460 0.114943 -0.454023 -0.068965 0.045977 -0.396552 -0.057471 0.045977 -0.396552 -0.068965 0.057471 -0.419540 0.068965 0.057471 -0.419540 0.080460 0.057471 -0.419540 0.068965 0.057471 -0.408046 0.068965 0.126437 -0.442529 0.011494 0.126437 -0.431034 0.011494 0.034483 -0.408046 0.022988 0.034483 -0.419540 0.022988 0.103448 -0.465517 -0.045977 0.103448 -0.465517 -0.057471 0.114943 -0.465517 -0.011494 0.126437 -0.454023 -0.022988 0.022988 -0.419540 0.068965 0.034483 -0.408046 0.057471 0.034483 -0.408046 0.057471 0.034483 -0.419540 0.057471 0.068965 -0.408046 0.045977 0.068965 -0.408046 0.034483 0.114943 -0.465517 0.022988 0.126437 -0.454023 0.022988 0.057471 -0.408046 0.068965 0.057471 -0.408046 0.057471 0.091954 -0.385057 -0.034483 0.091954 -0.385057 -0.022988 0.068965 -0.373563 -0.137931 0.068965 -0.362069 -0.149425 0.022988 -0.419540 0.068965 0.034483 -0.431034 0.068965 0.045977 -0.396552 -0.057471 0.045977 -0.408046 -0.045977 0.114943 -0.465517 0.000000 0.114943 -0.454023 0.000000 0.080460 -0.408046 0.034483 0.080460 -0.396552 0.022988 0.091954 -0.408046 0.034483 0.080460 -0.396552 0.022988 0.126437 -0.454023 0.022988 0.126437 -0.442529 0.011494 0.114943 -0.465517 0.011494 0.114943 -0.465517 0.022988 0.045977 -0.385057 -0.103448 0.045977 -0.385057 -0.091954 0.114943 -0.454023 -0.034483 0.114943 -0.454023 -0.022988 0.034483 -0.419540 0.034483 0.034483 -0.408046 0.022988 0.045977 -0.373563 -0.068965 0.045977 -0.385057 -0.068965 0.126437 -0.408046 -0.034483 0.126437 -0.419540 -0.045977 0.114943 -0.408046 0.011494 0.126437 -0.431034 0.011494 0.034483 -0.431034 0.080460 0.034483 -0.431034 0.091954 0.114943 -0.408046 -0.022988 0.126437 -0.408046 -0.022988 0.068965 -0.408046 0.045977 0.057471 -0.408046 0.057471 0.034483 -0.408046 0.045977 0.034483 -0.419540 0.045977 0.126437 -0.408046 -0.022988 0.126437 -0.408046 -0.034483 0.091954 -0.385057 -0.011494 0.091954 -0.396552 -0.022988 0.091954 -0.385057 -0.022988 0.091954 -0.396552 -0.022988 0.045977 -0.385057 -0.080460 0.045977 -0.373563 -0.068965 0.114943 -0.465517 0.011494 0.126437 -0.465517 0.000000 0.126437 -0.442529 -0.068965 0.126437 -0.431034 -0.068965 0.045977 -0.408046 -0.022988 0.045977 -0.408046 -0.011494 0.114943 -0.465517 0.000000 0.126437 -0.465517 0.000000 0.103448 -0.454023 -0.034483 0.103448 -0.465517 -0.045977 0.103448 -0.431034 0.022988 0.103448 -0.419540 0.034483 0.103448 -0.419540 0.011494 0.114943 -0.408046 0.011494 0.103448 -0.419540 0.011494 0.103448 -0.419540 0.022988 0.103448 -0.419540 0.022988 0.103448 -0.431034 0.022988 0.034483 -0.419540 0.057471 0.034483 -0.419540 0.045977 0.091954 -0.373563 -0.045977 0.091954 -0.385057 -0.045977 0.057471 -0.373563 -0.114943 0.068965 -0.373563 -0.126437 0.114943 -0.408046 -0.022988 0.103448 -0.408046 -0.022988 0.080460 -0.373563 -0.149425 0.080460 -0.373563 -0.137931 0.034483 -0.396552 0.000000 0.045977 -0.396552 -0.011494 0.034483 -0.431034 0.080460 0.034483 -0.431034 0.068965 0.034483 -0.408046 0.034483 0.034483 -0.408046 0.045977 0.045977 -0.408046 -0.011494 0.045977 -0.396552 -0.022988 0.045977 -0.396552 -0.022988 0.045977 -0.396552 -0.011494 0.034483 -0.419540 0.034483 0.034483 -0.408046 0.034483 0.091954 -0.419540 0.034483 0.091954 -0.408046 0.034483 0.068965 -0.408046 0.034483 0.080460 -0.408046 0.034483 0.045977 -0.431034 0.091954 0.045977 -0.419540 0.091954 0.034483 -0.408046 0.000000 0.034483 -0.396552 0.000000 0.034483 -0.419540 0.022988 0.034483 -0.408046 0.011494 0.057471 -0.373563 -0.114943 0.057471 -0.373563 -0.103448 0.045977 -0.373563 -0.114943 0.057471 -0.373563 -0.103448 0.080460 -0.373563 -0.114943 0.080460 -0.373563 -0.126437 0.080460 -0.373563 -0.080460 0.068965 -0.373563 -0.080460 0.034483 -0.431034 0.091954 0.045977 -0.431034 0.091954 0.103448 -0.465517 -0.068965 0.103448 -0.465517 -0.057471 0.114943 -0.465517 -0.011494 0.114943 -0.454023 0.000000 0.057471 -0.419540 0.080460 0.045977 -0.419540 0.091954 0.103448 -0.419540 0.034483 0.091954 -0.419540 0.034483 0.080460 -0.373563 -0.149425 0.068965 -0.362069 -0.149425 0.126437 -0.454023 -0.022988 0.114943 -0.454023 -0.022988 0.080460 -0.373563 -0.068965 0.080460 -0.373563 -0.057471 0.045977 -0.396552 -0.068965 0.045977 -0.385057 -0.068965 0.126437 -0.431034 -0.045977 0.126437 -0.431034 -0.057471 0.080460 -0.373563 -0.091954 0.091954 -0.373563 -0.103448 0.045977 -0.373563 -0.080460 0.045977 -0.385057 -0.080460 0.068965 -0.373563 -0.126437 0.068965 -0.373563 -0.137931 0.068965 -0.373563 -0.068965 0.080460 -0.373563 -0.080460 0.068965 -0.373563 -0.057471 0.080460 -0.373563 -0.057471 0.045977 -0.419540 -0.045977 0.045977 -0.408046 -0.045977 0.103448 -0.396552 -0.022988 0.091954 -0.385057 -0.011494 0.080460 -0.373563 -0.045977 0.068965 -0.373563 -0.057471 0.068965 -0.373563 -0.080460 0.080460 -0.373563 -0.091954 0.045977 -0.373563 -0.080460 0.045977 -0.385057 -0.091954 0.068965 -0.373563 -0.068965 0.080460 -0.373563 -0.068965 0.091954 -0.373563 -0.103448 0.080460 -0.373563 -0.114943 0.103448 -0.396552 -0.022988 0.103448 -0.408046 -0.022988 0.045977 -0.419540 -0.022988 0.045977 -0.419540 -0.034483 0.045977 -0.373563 -0.114943 0.045977 -0.385057 -0.103448 0.045977 -0.419540 -0.022988 0.045977 -0.408046 -0.034483 0.057471 -0.419540 -0.045977 0.057471 -0.408046 -0.045977 0.045977 -0.419540 -0.034483 0.057471 -0.419540 -0.034483 0.057471 -0.419540 -0.045977 0.057471 -0.419540 -0.034483 0.057471 -0.408046 -0.045977 0.045977 -0.419540 -0.045977 0.045977 -0.408046 -0.034483 0.045977 -0.408046 -0.022988 0.034483 -0.408046 0.011494 0.034483 -0.408046 0.000000 0.103448 -0.454023 -0.034483 0.114943 -0.454023 -0.034483 0.114943 -0.454023 -0.068965 0.103448 -0.454023 -0.080460 0.126437 -0.431034 -0.045977 0.126437 -0.419540 -0.045977 0.103448 -0.454023 -0.080460 0.103448 -0.454023 -0.068965 0.114943 -0.442529 -0.080460 0.126437 -0.442529 -0.068965 0.103448 -0.465517 -0.068965 0.103448 -0.454023 -0.068965 0.126437 -0.431034 -0.057471 0.126437 -0.431034 -0.068965 0.091954 -0.385057 -0.034483 0.091954 -0.385057 -0.045977 0.080460 -0.373563 -0.137931 0.080460 -0.373563 -0.126437 
-0.126437 -0.178161 -0.528736 -0.126437 -0.178161 -0.517241 -0.160920 -0.166667 -0.482759 -0.172414 -0.166667 -0.482759 -0.229885 -0.143678 -0.471264 -0.218391 -0.143678 -0.471264 -0.057471 -0.270115 -0.540230 -0.057471 -0.258621 -0.551724 -0.057471 -0.258621 -0.551724 -0.057471 -0.258621 -0.540230 -0.091954 -0.120690 -0.597701 -0.091954 -0.120690 -0.609195 -0.078759 -0.136102 -0.591553 -0.091954 -0.120690 -0.597701 -0.091954 -0.143678 -0.586207 -0.078759 -0.136102 -0.591553 -0.129793 -0.188762 -0.481285 -0.126437 -0.166667 -0.505747 -0.252874 -0.097701 -0.517241 -0.252874 -0.086207 -0.517241 -0.078834 -0.215532 -0.550621 -0.051225 -0.224833 -0.542619 -0.057471 -0.247126 -0.551724 -0.051225 -0.224833 -0.542619 -0.137931 -0.063218 -0.517241 -0.126437 -0.063218 -0.517241 -0.126437 -0.063218 -0.517241 -0.126437 -0.063218 -0.528736 -0.129793 -0.188762 -0.481285 -0.121329 -0.218336 -0.456027 -0.149425 -0.166667 -0.494253 -0.160920 -0.166667 -0.494253 -0.160920 -0.166667 -0.482759 -0.160920 -0.166667 -0.494253 -0.080460 -0.281609 -0.528736 -0.091954 -0.281609 -0.517241 -0.160920 -0.178161 -0.505747 -0.160920 -0.178161 -0.494253 -0.160920 -0.051724 -0.528736 -0.172414 -0.051724 -0.528736 -0.080460 -0.270115 -0.528736 -0.068965 -0.270115 -0.528736 -0.080460 -0.270115 -0.528736 -0.080460 -0.281609 -0.528736 -0.103448 -0.281609 -0.505747 -0.114943 -0.281609 -0.505747 -0.057471 -0.270115 -0.540230 -0.068965 -0.270115 -0.540230 -0.068965 -0.270115 -0.528736 -0.068965 -0.270115 -0.540230 -0.195402 -0.051724 -0.528736 -0.206897 -0.051724 -0.540230 -0.091954 -0.281609 -0.517241 -0.091954 -0.281609 -0.505747 -0.103448 -0.258621 -0.471264 -0.114943 -0.258621 -0.459770 -0.103448 -0.270115 -0.482759 -0.103448 -0.270115 -0.471264 -0.114943 -0.235632 -0.459770 -0.103448 -0.247126 -0.459770 -0.121329 -0.218336 -0.456027 -0.114943 -0.235632 -0.459770 -0.103448 -0.281609 -0.517241 -0.103448 -0.281609 -0.505747 -0.137931 -0.178161 -0.517241 -0.149425 -0.178161 -0.505747 -0.126437 -0.166667 -0.505747 -0.137931 -0.166667 -0.517241 -0.137931 -0.178161 -0.517241 -0.126437 -0.166667 -0.517241 -0.229885 -0.051724 -0.551724 -0.218391 -0.051724 -0.540230 -0.218391 -0.051724 -0.540230 -0.218391 -0.051724 -0.551724 -0.241379 -0.086207 -0.505747 -0.241379 -0.086207 -0.517241 -0.126437 -0.166667 -0.517241 -0.126437 -0.178161 -0.517241 -0.091954 -0.281609 -0.505747 -0.103448 -0.281609 -0.517241 -0.252874 -0.132184 -0.471264 -0.241379 -0.132184 -0.471264 -0.172414 -0.051724 -0.528736 -0.183908 -0.051724 -0.517241 -0.137931 -0.178161 -0.517241 -0.137931 -0.178161 -0.528736 -0.137931 -0.178161 -0.528736 -0.126437 -0.178161 -0.528736 -0.137931 -0.166667 -0.505747 -0.137931 -0.166667 -0.517241 -0.137931 -0.166667 -0.505747 -0.137931 -0.178161 -0.517241 -0.195402 -0.155172 -0.494253 -0.195402 -0.143678 -0.482759 -0.160920 -0.178161 -0.494253 -0.149425 -0.166667 -0.494253 -0.218391 -0.143678 -0.471264 -0.229885 -0.155172 -0.482759 -0.183908 -0.166667 -0.494253 -0.183908 -0.155172 -0.494253 -0.195402 -0.155172 -0.494253 -0.206897 -0.155172 -0.494253 -0.114943 -0.051724 -0.586207 -0.114943 -0.063218 -0.586207 -0.103448 -0.051724 -0.574713 -0.114943 -0.051724 -0.586207 -0.114943 -0.074713 -0.551724 -0.114943 -0.074713 -0.540230 -0.114943 -0.074713 -0.540230 -0.114943 -0.074713 -0.528736 -0.103448 -0.063218 -0.586207 -0.103448 -0.063218 -0.597701 -0.103448 -0.063218 -0.597701 -0.114943 -0.063218 -0.586207 -0.137931 -0.063218 -0.517241 -0.137931 -0.063218 -0.528736 -0.103448 -0.097701 -0.609195 -0.103448 -0.109195 -0.620690 -0.160920 -0.063218 -0.540230 -0.160920 -0.063218 -0.528736 -0.114943 -0.063218 -0.528736 -0.114943 -0.074713 -0.528736 -0.160920 -0.051724 -0.528736 -0.172414 -0.063218 -0.528736 -0.172414 -0.063218 -0.528736 -0.172414 -0.063218 -0.540230 -0.137931 -0.063218 -0.528736 -0.149425 -0.063218 -0.540230 -0.149425 -0.063218 -0.540230 -0.149425 -0.063218 -0.528736 -0.149425 -0.063218 -0.528736 -0.160920 -0.063218 -0.540230 -0.172414 -0.063218 -0.540230 -0.160920 -0.063218 -0.528736 -0.264368 -0.120690 -0.494253 -0.275862 -0.120690 -0.494253 -0.103448 -0.074713 -0.563218 -0.091954 -0.074713 -0.563218 -0.103448 -0.063218 -0.574713 -0.103448 -0.074713 -0.563218 -0.091954 -0.109195 -0.609195 -0.103448 -0.109195 -0.609195 -0.103448 -0.109195 -0.609195 -0.103448 -0.109195 -0.620690 -0.091954 -0.143678 -0.586207 -0.103991 -0.166780 -0.565695 -0.103448 -0.120690 -0.609195 -0.091954 -0.109195 -0.609195 -0.091954 -0.120690 -0.609195 -0.103448 -0.120690 -0.609195 -0.103448 -0.097701 -0.609195 -0.103448 -0.086207 -0.597701 -0.103448 -0.086207 -0.597701 -0.103448 -0.086207 -0.586207 -0.091954 -0.074713 -0.551724 -0.103448 -0.074713 -0.551724 -0.091954 -0.074713 -0.551724 -0.091954 -0.074713 -0.563218 -0.103991 -0.166780 -0.565695 -0.100365 -0.184914 -0.527748 -0.241379 -0.132184 -0.471264 -0.241379 -0.143678 -0.471264 -0.241379 -0.143678 -0.471264 -0.229885 -0.143678 -0.471264 -0.252874 -0.120690 -0.482759 -0.252874 -0.132184 -0.471264 -0.229885 -0.155172 -0.482759 -0.206897 -0.155172 -0.494253 -0.114943 -0.281609 -0.505747 -0.103448 -0.281609 -0.494253 -0.103448 -0.258621 -0.482759 -0.103448 -0.270115 -0.471264 -0.114943 -0.247126 -0.459770 -0.103448 -0.247126 -0.459770 -0.091954 -0.258621 -0.482759 -0.103448 -0.258621 -0.482759 -0.091954 -0.258621 -0.482759 -0.103448 -0.258621 -0.471264 -0.103448 -0.270115 -0.482759 -0.103448 -0.270115 -0.494253 -0.103448 -0.270115 -0.494253 -0.103448 -0.281609 -0.494253 -0.114943 -0.247126 -0.459770 -0.114943 -0.258621 -0.459770 -0.252874 -0.120690 -0.482759 -0.264368 -0.132184 -0.482759 -0.149425 -0.178161 -0.505747 -0.160920 -0.178161 -0.505747 -0.275862 -0.132184 -0.482759 -0.264368 -0.120690 -0.482759 -0.172414 -0.166667 -0.494253 -0.183908 -0.166667 -0.494253 -0.172414 -0.166667 -0.494253 -0.172414 -0.166667 -0.482759 -0.183908 -0.155172 -0.494253 -0.183908 -0.143678 -0.494253 -0.183908 -0.143678 -0.494253 -0.195402 -0.143678 -0.482759 -0.241379 -0.086207 -0.517241 -0.241379 -0.074713 -0.517241 -0.264368 -0.132184 -0.482759 -0.264368 -0.120690 -0.482759 -0.264368 -0.109195 -0.494253 -0.264368 -0.120690 -0.494253 -0.275862 -0.132184 -0.482759 -0.275862 -0.143678 -0.494253 -0.264368 -0.120690 -0.505747 -0.264368 -0.109195 -0.494253 -0.103448 -0.086207 -0.586207 -0.103448 -0.074713 -0.586207 -0.103448 -0.074713 -0.551724 -0.114943 -0.074713 -0.551724 -0.195402 -0.051724 -0.528736 -0.195402 -0.051724 -0.540230 -0.252874 -0.086207 -0.517241 -0.241379 -0.086207 -0.505747 -0.275862 -0.132184 -0.494253 -0.275862 -0.143678 -0.494253 -0.229885 -0.063218 -0.528736 -0.229885 -0.074713 -0.540230 -0.229885 -0.074713 -0.540230 -0.229885 -0.074713 -0.528736 -0.229885 -0.074713 -0.517241 -0.229885 -0.063218 -0.517241 -0.229885 -0.063218 -0.517241 -0.229885 -0.074713 -0.528736 -0.229885 -0.074713 -0.517241 -0.241379 -0.074713 -0.517241 -0.229885 -0.063218 -0.540230 -0.229885 -0.063218 -0.528736 -0.229885 -0.063218 -0.540230 -0.229885 -0.051724 -0.551724 -0.275862 -0.132184 -0.505747 -0.275862 -0.120690 -0.494253 -0.264368 -0.097701 -0.517241 -0.252874 -0.097701 -0.517241 -0.264368 -0.097701 -0.517241 -0.264368 -0.109195 -0.505747 -0.264368 -0.120690 -0.505747 -0.264368 -0.109195 -0.505747 -0.057471 -0.258621 -0.540230 -0.057471 -0.247126 -0.540230 -0.183908 -0.051724 -0.540230 -0.195402 -0.051724 -0.540230 -0.183908 -0.051724 -0.528736 -0.183908 -0.051724 -0.540230 -0.218391 -0.051724 -0.551724 -0.206897 -0.051724 -0.551724 -0.183908 -0.051724 -0.528736 -0.183908 -0.051724 -0.517241 -0.078834 -0.215532 -0.550621 -0.100365 -0.184914 -0.527748 -0.103448 -0.063218 -0.586207 -0.103448 -0.074713 -0.586207 -0.114943 -0.063218 -0.528736 -0.126437 -0.063218 -0.528736 -0.206897 -0.051724 -0.551724 -0.206897 -0.051724 -0.540230 -0.057471 -0.247126 -0.540230 -0.057471 -0.247126 -0.551724 -0.103448 -0.051724 -0.574713 -0.103448 -0.063218 -0.574713 -0.275862 -0.132184 -0.505747 -0.275862 -0.132184 -0.494253 
